Num,y
348622,1480.9635912252597
348623,27241.65528074006
348624,299651.71532984945
348625,28998.745490866488
348626,0.0
348627,147205.77164458003
348628,68446.12613872995
348629,111795.30219698476
348630,102204.00987274796
348631,2979.6606240779547
348632,1449.592357619551
348633,55034.74058290694
348634,288074.80285185657
348635,21219.961740880775
348636,1886.4832902538021
348637,179550.93381217148
348638,121843.24116723283
348639,500953.99065321696
348640,501539.17402392975
348641,2308.7799767976644
348642,114477.51492055968
348643,84652.08585703882
348644,1243.1201802070486
348645,24427.446054788816
348646,10698.788820726266
348647,151867.93255781799
348648,7615.004829648244
348649,19079.765778999354
348650,6348.37179900712
348651,23656.61888982229
348652,16706.7602722518
348653,281192.73719555367
348654,8296.08044135624
348655,23296.65662183794
348656,10516.352559258203
348657,2606.477221753499
348658,44575.16488026447
348659,2027.7557237530336
348660,186.50162996791778
348661,16403.47774362587
348662,7335.384950876886
348663,17891.782117921262
348664,1245610.7772219274
348665,79171.98003841563
348666,342342.0923047315
348667,917090.6454031123
348668,100456.74588471506
348669,27419.039214619595
348670,25609.08970532058
348671,0.0
348672,47450.46961570384
348673,76.26680254075404
348674,229.2742318334491
348675,2763493.9553806614
348676,384883.3962179303
348677,5969.7681743298745
348678,46811.087922011015
348679,344880.6026539365
348680,15083.761820065589
348681,754.0250121326362
348682,38262.423271885295
348683,2090.4753613667062
348684,1650.202696146866
348685,20988.810320416495
348686,191496.51302771474
348687,6427.791789012077
348688,150794.92909819327
348689,42199.12739131925
348690,7469.310754190201
348691,196039.18588712355
348692,14335.564805749375
348693,188434.11593082675
348694,136432.579337943
348695,119639.01512747243
348696,132849.28556131234
348697,97169.3778812407
348698,1233.409096906049
348699,15659.825294769842
348700,11803.25565624843
348701,87236.6518161664
348702,9280.629093253609
348703,57305.99551964404
348704,71704.12872293728
348705,151047.1711326733
348706,117925.47073798973
348707,28087.003398361976
348708,8359.810595394234
348709,61439.04766719001
348710,93581.41967116915
348711,37584.990640687174
348712,5618.936194715755
348713,94533.10877836884
348714,101972.07412636459
348715,186380.70305993618
348716,10543.16725556536
348717,206.14328883382336
348718,4057.3372866751088
348719,6706.576074254564
348720,13910.743277784255
348721,106490.24342037394
348722,3140.947116399773
348723,449.7152201598798
348724,19286.69734424395
348725,6457.371258139472
348726,4662.182755618325
348727,80130.46157861238
348728,305715.8691873632
348729,33397.326805332275
348730,1272052.1871635702
348731,336910.06248719076
348732,33630.01678667975
348733,163365.33564834704
348734,878.9302945165614
348735,2499412.134258708
348736,41243.234394854546
348737,21481.464364419895
348738,704320.3512470442
348739,563815.9141443442
348740,600280.8356778747
348741,1049421.2316568762
348742,113455.72278669762
348743,115499.04577957379
348744,2296.481944106163
348745,6162.000313241488
348746,0.0
348747,13809.848551673014
348748,93828.19572546572
348749,4978.40599927582
348750,28829.466564230537
348751,431882.99245448085
348752,105382.00001368258
348753,568837.7542997977
348754,265567.231661723
348755,93329.69401730492
348756,63018.45732840899
348757,567.2061579708961
348758,14342.665176835297
348759,261287.73185060744
348760,716794.6431097079
348761,316782.7401069305
348762,14853.171521580516
348763,25667.421100821746
348764,131.11362922379868
348765,8425.596208499966
348766,131524.16182281205
348767,1278.9867212688882
348768,138.86524396186354
348769,76267.93304921515
348770,11918.18516145886
348771,3838.469012601212
348772,1304.744917598247
348773,165860.12076229524
348774,874628.0470923737
348775,4193.374261236922
348776,29133.829367820006
348777,186.87173461688172
348778,15275.714341615872
348779,92370.33577407856
348780,182800.3012024032
348781,122087.84511839674
348782,284492.7691935192
348783,395906.0703137497
348784,13606.573531932934
348785,6592.059774433021
348786,20236.93594589491
348787,1969.4066802158104
348788,3845.0506690615066
348789,65844.12099438556
348790,13482.081385582522
348791,658285.4481318841
348792,459925.6737301672
348793,210.73009526726287
348794,267.73416841267374
348795,28.019265900219864
348796,1045.915330748103
348797,998.7313552693453
348798,89026.17045896756
348799,11013.081927993717
348800,1199.7706234629675
348801,4002.804116191924
348802,1659.739479526499
348803,515.2339215109628
348804,1581.9223065953256
348805,2399.7126484692903
348806,822656.2545007922
348807,28063.57410874367
348808,1205911.699330255
348809,357800.00740514015
348810,27764.149215885525
348811,12840.776846345168
348812,1695.8253363024178
348813,24176.10378953417
348814,48479.218829977006
348815,85751.94096484705
348816,206570.76536455035
348817,78617.41986541334
348818,374.2712232325557
348819,302137.00964878395
348820,14762.812780312572
348821,228.14623747606947
348822,0.0
348823,19068.423501694233
348824,0.0
348825,0.0
348826,445.48386163322846
348827,50.0449764796564
348828,119090.21395753726
348829,742058.294596794
348830,282791.28898554965
348831,585743.5470686208
348832,26277.9607427253
348833,1231.0005189278636
348834,30978.11529551353
348835,132708.48777842402
348836,519804.88986484567
348837,69.90743532482804
348838,212.0851989601947
348839,200.9958438281334
348840,5269.350524093982
348841,51145.54418421201
348842,17548.151240455663
348843,304.2463408013016
348844,6282.689234488353
348845,187317.87845793978
348846,494563.7711037304
348847,19607.35258518147
349519,1480.9635912252597
349520,27241.65528074006
349521,299651.71532984945
349522,28998.745490866488
349523,0.0
349524,147205.77164458003
349525,68446.12613872995
349526,111795.30219698476
349527,102204.00987274796
349528,2979.6606240779547
349529,1449.592357619551
349530,55034.74058290694
349531,288074.80285185657
349532,21219.961740880775
349533,1886.4832902538021
349534,179550.93381217148
349535,121843.24116723283
349536,500953.99065321696
349537,501539.17402392975
349538,2308.7799767976644
349539,114477.51492055968
349540,84652.08585703882
349541,1243.1201802070486
349542,24427.446054788816
349543,10698.788820726266
349544,151867.93255781799
349545,7615.004829648244
349546,19079.765778999354
349547,6348.37179900712
349548,23656.61888982229
349549,16706.7602722518
349550,281192.73719555367
349551,8296.08044135624
349552,23296.65662183794
349553,10516.352559258203
349554,2606.477221753499
349555,44575.16488026447
349556,2027.7557237530336
349557,186.50162996791778
349558,16403.47774362587
349559,7335.384950876886
349560,17891.782117921262
349561,1245610.7772219274
349562,79171.98003841563
349563,342342.0923047315
349564,917090.6454031123
349565,100456.74588471506
349566,27419.039214619595
349567,25609.08970532058
349568,0.0
349569,47450.46961570384
349570,76.26680254075404
349571,229.2742318334491
349572,2763493.9553806614
349573,384883.3962179303
349574,5969.7681743298745
349575,46811.087922011015
349576,344880.6026539365
349577,15083.761820065589
349578,754.0250121326362
349579,38262.423271885295
349580,2090.4753613667062
349581,1650.202696146866
349582,20988.810320416495
349583,191496.51302771474
349584,6427.791789012077
349585,150794.92909819327
349586,42199.12739131925
349587,7469.310754190201
349588,196039.18588712355
349589,14335.564805749375
349590,188434.11593082675
349591,136432.579337943
349592,119639.01512747243
349593,132849.28556131234
349594,97169.3778812407
349595,1233.409096906049
349596,15659.825294769842
349597,11803.25565624843
349598,87236.6518161664
349599,9280.629093253609
349600,57305.99551964404
349601,71704.12872293728
349602,151047.1711326733
349603,117925.47073798973
349604,28087.003398361976
349605,8359.810595394234
349606,61439.04766719001
349607,93581.41967116915
349608,37584.990640687174
349609,5618.936194715755
349610,94533.10877836884
349611,101972.07412636459
349612,186380.70305993618
349613,10543.16725556536
349614,206.14328883382336
349615,4057.3372866751088
349616,6706.576074254564
349617,13910.743277784255
349618,106490.24342037394
349619,3140.947116399773
349620,449.7152201598798
349621,19286.69734424395
349622,6457.371258139472
349623,4662.182755618325
349624,80130.46157861238
349625,305715.8691873632
349626,33397.326805332275
349627,1272052.1871635702
349628,336910.06248719076
349629,33630.01678667975
349630,163365.33564834704
349631,878.9302945165614
349632,2499412.134258708
349633,41243.234394854546
349634,21481.464364419895
349635,704320.3512470442
349636,563815.9141443442
349637,600280.8356778747
349638,1049421.2316568762
349639,113455.72278669762
349640,115499.04577957379
349641,2296.481944106163
349642,6162.000313241488
349643,0.0
349644,13809.848551673014
349645,93828.19572546572
349646,4978.40599927582
349647,28829.466564230537
349648,431882.99245448085
349649,105382.00001368258
349650,568837.7542997977
349651,265567.231661723
349652,93329.69401730492
349653,63018.45732840899
349654,567.2061579708961
349655,14342.665176835297
349656,261287.73185060744
349657,716794.6431097079
349658,316782.7401069305
349659,14853.171521580516
349660,25667.421100821746
349661,131.11362922379868
349662,8425.596208499966
349663,131524.16182281205
349664,1278.9867212688882
349665,138.86524396186354
349666,76267.93304921515
349667,11918.18516145886
349668,3838.469012601212
349669,1304.744917598247
349670,165860.12076229524
349671,874628.0470923737
349672,4193.374261236922
349673,29133.829367820006
349674,186.87173461688172
349675,15275.714341615872
349676,92370.33577407856
349677,182800.3012024032
349678,122087.84511839674
349679,284492.7691935192
349680,395906.0703137497
349681,13606.573531932934
349682,6592.059774433021
349683,20236.93594589491
349684,1969.4066802158104
349685,3845.0506690615066
349686,65844.12099438556
349687,13482.081385582522
349688,658285.4481318841
349689,459925.6737301672
349690,210.73009526726287
349691,267.73416841267374
349692,28.019265900219864
349693,1045.915330748103
349694,998.7313552693453
349695,89026.17045896756
349696,11013.081927993717
349697,1199.7706234629675
349698,4002.804116191924
349699,1659.739479526499
349700,515.2339215109628
349701,1581.9223065953256
349702,2399.7126484692903
349703,822656.2545007922
349704,28063.57410874367
349705,1205911.699330255
349706,357800.00740514015
349707,27764.149215885525
349708,12840.776846345168
349709,1695.8253363024178
349710,24176.10378953417
349711,48479.218829977006
349712,85751.94096484705
349713,206570.76536455035
349714,78617.41986541334
349715,374.2712232325557
349716,302137.00964878395
349717,14762.812780312572
349718,228.14623747606947
349719,0.0
349720,19068.423501694233
349721,0.0
349722,0.0
349723,445.48386163322846
349724,50.0449764796564
349725,119090.21395753726
349726,742058.294596794
349727,282791.28898554965
349728,585743.5470686208
349729,26277.9607427253
349730,1231.0005189278636
349731,30978.11529551353
349732,132708.48777842402
349733,519804.88986484567
349734,69.90743532482804
349735,212.0851989601947
349736,200.9958438281334
349737,5269.350524093982
349738,51145.54418421201
349739,17548.151240455663
349740,304.2463408013016
349741,6282.689234488353
349742,187317.87845793978
349743,494563.7711037304
349744,19607.35258518147
349745,34041.15957867149
349746,401613.63971663197
349747,36904.89254429934
349748,0.0
349749,174844.96278883307
349750,85074.89844149635
349751,222209.230412833
349752,228518.98469414108
349753,2542.8694741063227
349754,1818.73496332393
349755,62035.09146079418
349756,364166.36473086494
349757,26402.991462612583
349758,1434109.380879195
349759,1772.1947567305679
349760,1879.3713386086781
349761,244313.04224315376
349762,138458.760930532
349763,584721.3483227611
349764,641141.0937542164
349765,2220.799014751819
349766,126426.70287731776
349767,112747.37416569203
349768,1257.2161251261375
349769,44940.69823350991
349770,11927.580366748794
349771,178764.65043441672
349772,12503.50931685474
349773,36646.36915683659
349774,18682.941273216038
349775,25826.24695899037
349776,23083.309838721063
349777,340277.661223426
349778,9006.099708503145
349779,29416.087628116613
349780,14107.079572165117
349781,1966.06011349467
349782,55209.01076047081
349783,876.213359467094
349784,27.345220675863857
349785,15164.39630855943
349786,4861.515928204375
349787,7605.8208161016555
349788,4962.828605086996
349789,94577.88398356055
349790,373952.3167392878
349791,1328952.432676618
349792,98244.11270312559
349793,44420.85681771757
349794,28488.738378285598
349795,0.0
349796,62063.75073853007
349797,158.62237392240746
349798,127.44072613992194
349799,3630050.7290480775
349800,479326.8754222042
349801,26403.089110016812
349802,241044.48245778555
349803,447625.5277181913
349804,20196.823624405766
349805,957.0177083716362
349806,44232.91707540319
349807,4607.813989475633
349808,2201.337455796811
349809,22195.41822791127
349810,224238.65155916248
349811,6404.511657865194
349812,190140.8488815067
349813,74104.96079528815
349814,9922.826160758023
349815,216154.98064175303
349816,1656.9185880482569
349817,80330.66129545766
349818,176695.36880301932
349819,161992.2119545826
349820,183576.26653032895
349821,2276.4765401847653
349822,20266.078400144495
349823,15208.245963197223
349824,146739.95314232647
349825,6578.755018346656
349826,90811.13073135904
349827,192699.9215455557
349828,141927.39722530218
349829,64791.159065060565
349830,18426.711379177174
349831,124182.06572300583
349832,9766.70363542058
349833,66828.32432197852
349834,141597.35716315272
349835,66297.8229909974
349836,5830.125002228217
349837,128262.22001973409
349838,145326.1647436244
349839,216697.3663489926
349840,14592.355105943781
349841,102.47876699794004
349842,4244.990645478819
349843,8818.946771599325
349844,19229.524177059262
349845,49934.6502727942
349846,3491.3883954618905
349847,393.3320050083013
349848,20643.113878295564
349849,7915.8174218859385
349850,5663.7671231485565
349851,103293.98693335612
349852,347220.0347613923
349853,39257.81660580071
349854,1562230.9605396963
349855,446462.9489495843
349856,58754.82070817346
349857,201038.7070993943
349858,3092875.5830697967
349859,101707.50338213421
349860,70112.4912522857
349861,916366.6752304791
349862,677475.0706731016
349863,725788.448201261
349864,1377111.0070399474
349865,161056.90724650878
349866,150240.30300683543
349867,2462.9838206089134
349868,5261.664274274874
349869,4.171859531316841
349870,13307.0143052188
349871,106533.02161409544
349872,3759.250875810929
349873,34129.381898167114
349874,517575.09008407727
349875,152334.37600659364
349876,746557.8728257759
349877,352125.527557876
349878,117441.29984832242
349879,76471.25876408571
349880,929.1676674539312
349881,20956.00865556376
349882,315090.15971122624
349883,770752.2602724122
349884,335693.2256296939
349885,21689.87440794739
349886,37672.12202386218
349887,137.43829285335295
349888,23229.920383414305
349889,3531.121227364515
349890,104063.19204355776
349891,162518.57711739515
349892,14800.022171022763
349893,3539.039909156598
349894,823.6308971104553
349895,189941.47295991992
349896,1031342.7424429056
349897,105523.4551282867
349898,3677.798269662537
349899,30290.388260829426
349900,185.6821802803164
349901,134.46208171500095
349902,116693.53065973129
349903,211227.13070492327
349904,146302.5796869871
349905,343334.1558308415
349906,447806.1253465759
349907,15189.81651925081
349908,10932.153533815366
349909,18828.554263685968
349910,1667.1080619171416
349911,1801.941369568298
349912,85248.71903783322
349913,22768.455505292215
349914,774355.4485034412
349915,3480.5023913081063
349916,375.2867278934416
349917,298.2586347912252
349918,21.239625277249104
349919,15.968619715105765
349920,1894.363757091244
349921,1411.5139376403101
349922,102085.8470330004
349923,11851.866526114174
349924,1236.1961869891302
349925,4818.003846253011
349926,1488.565978012212
349927,1825.0097408547647
349928,2692.071159665599
349929,31106.91442237963
349930,1028830.907814913
349931,567927.4444772998
349932,1890733.2050905812
349933,703906.1808468403
349934,34162.54505288058
349935,26020.827348251973
349936,1058.5897737933537
349937,43879.61884872833
349938,93114.49643030037
349939,157640.27340497874
349940,267912.88154001365
349941,87907.60106398338
349942,378616.0972127817
349943,378.1119779600523
349944,23318.313840949737
349945,22091.151471480793
349946,0.0
349947,0.0
349948,609.8606366901693
349949,128.07849806993613
349950,143412.46568298718
349951,907557.7276545336
349952,399727.94460025686
349953,767597.3488697472
349954,31893.954002994597
349955,1017.1009434255702
349956,37295.56327783545
349957,157444.71598443115
349958,174.5960753046288
349959,59.57049431047017
349960,147.40620902400372
349961,253.66812256537594
349962,8306.408042378276
349963,75831.12096714452
349964,25144.131390153998
349965,694338.4487076984
349966,642653.2368298739
349967,261083.81908706244
349968,32031.1183036066
349969,316.0311917058074
349970,7202.617668788839
350191,1480.9635912252597
350192,27241.65528074006
350193,299651.71532984945
350194,28998.745490866488
350195,0.0
350196,147205.77164458003
350197,68446.12613872995
350198,111795.30219698476
350199,102204.00987274796
350200,2979.6606240779547
350201,1449.592357619551
350202,55034.74058290694
350203,288074.80285185657
350204,21219.961740880775
350205,1886.4832902538021
350206,179550.93381217148
350207,121843.24116723283
350208,500953.99065321696
350209,501539.17402392975
350210,2308.7799767976644
350211,114477.51492055968
350212,84652.08585703882
350213,1243.1201802070486
350214,24427.446054788816
350215,10698.788820726266
350216,151867.93255781799
350217,7615.004829648244
350218,19079.765778999354
350219,6348.37179900712
350220,23656.61888982229
350221,16706.7602722518
350222,281192.73719555367
350223,8296.08044135624
350224,23296.65662183794
350225,10516.352559258203
350226,2606.477221753499
350227,44575.16488026447
350228,2027.7557237530336
350229,186.50162996791778
350230,16403.47774362587
350231,7335.384950876886
350232,17891.782117921262
350233,1245610.7772219274
350234,79171.98003841563
350235,342342.0923047315
350236,917090.6454031123
350237,100456.74588471506
350238,27419.039214619595
350239,25609.08970532058
350240,0.0
350241,47450.46961570384
350242,76.26680254075404
350243,229.2742318334491
350244,2763493.9553806614
350245,384883.3962179303
350246,5969.7681743298745
350247,46811.087922011015
350248,344880.6026539365
350249,15083.761820065589
350250,754.0250121326362
350251,38262.423271885295
350252,2090.4753613667062
350253,1650.202696146866
350254,20988.810320416495
350255,191496.51302771474
350256,6427.791789012077
350257,150794.92909819327
350258,42199.12739131925
350259,7469.310754190201
350260,196039.18588712355
350261,14335.564805749375
350262,188434.11593082675
350263,136432.579337943
350264,119639.01512747243
350265,132849.28556131234
350266,97169.3778812407
350267,1233.409096906049
350268,15659.825294769842
350269,11803.25565624843
350270,87236.6518161664
350271,9280.629093253609
350272,57305.99551964404
350273,71704.12872293728
350274,151047.1711326733
350275,117925.47073798973
350276,28087.003398361976
350277,8359.810595394234
350278,61439.04766719001
350279,93581.41967116915
350280,37584.990640687174
350281,5618.936194715755
350282,94533.10877836884
350283,101972.07412636459
350284,186380.70305993618
350285,10543.16725556536
350286,206.14328883382336
350287,4057.3372866751088
350288,6706.576074254564
350289,13910.743277784255
350290,106490.24342037394
350291,3140.947116399773
350292,449.7152201598798
350293,19286.69734424395
350294,6457.371258139472
350295,4662.182755618325
350296,80130.46157861238
350297,305715.8691873632
350298,33397.326805332275
350299,1272052.1871635702
350300,336910.06248719076
350301,33630.01678667975
350302,163365.33564834704
350303,878.9302945165614
350304,2499412.134258708
350305,41243.234394854546
350306,21481.464364419895
350307,704320.3512470442
350308,563815.9141443442
350309,600280.8356778747
350310,1049421.2316568762
350311,113455.72278669762
350312,115499.04577957379
350313,2296.481944106163
350314,6162.000313241488
350315,0.0
350316,13809.848551673014
350317,93828.19572546572
350318,4978.40599927582
350319,28829.466564230537
350320,431882.99245448085
350321,105382.00001368258
350322,568837.7542997977
350323,265567.231661723
350324,93329.69401730492
350325,63018.45732840899
350326,567.2061579708961
350327,14342.665176835297
350328,261287.73185060744
350329,716794.6431097079
350330,316782.7401069305
350331,14853.171521580516
350332,25667.421100821746
350333,131.11362922379868
350334,8425.596208499966
350335,131524.16182281205
350336,1278.9867212688882
350337,138.86524396186354
350338,76267.93304921515
350339,11918.18516145886
350340,3838.469012601212
350341,1304.744917598247
350342,165860.12076229524
350343,874628.0470923737
350344,4193.374261236922
350345,29133.829367820006
350346,186.87173461688172
350347,15275.714341615872
350348,92370.33577407856
350349,182800.3012024032
350350,122087.84511839674
350351,284492.7691935192
350352,395906.0703137497
350353,13606.573531932934
350354,6592.059774433021
350355,20236.93594589491
350356,1969.4066802158104
350357,3845.0506690615066
350358,65844.12099438556
350359,13482.081385582522
350360,658285.4481318841
350361,459925.6737301672
350362,210.73009526726287
350363,267.73416841267374
350364,28.019265900219864
350365,1045.915330748103
350366,998.7313552693453
350367,89026.17045896756
350368,11013.081927993717
350369,1199.7706234629675
350370,4002.804116191924
350371,1659.739479526499
350372,515.2339215109628
350373,1581.9223065953256
350374,2399.7126484692903
350375,822656.2545007922
350376,28063.57410874367
350377,1205911.699330255
350378,357800.00740514015
350379,27764.149215885525
350380,12840.776846345168
350381,1695.8253363024178
350382,24176.10378953417
350383,48479.218829977006
350384,85751.94096484705
350385,206570.76536455035
350386,78617.41986541334
350387,374.2712232325557
350388,302137.00964878395
350389,14762.812780312572
350390,228.14623747606947
350391,0.0
350392,19068.423501694233
350393,0.0
350394,0.0
350395,445.48386163322846
350396,50.0449764796564
350397,119090.21395753726
350398,742058.294596794
350399,282791.28898554965
350400,585743.5470686208
350401,26277.9607427253
350402,1231.0005189278636
350403,30978.11529551353
350404,132708.48777842402
350405,519804.88986484567
350406,69.90743532482804
350407,212.0851989601947
350408,200.9958438281334
350409,5269.350524093982
350410,51145.54418421201
350411,17548.151240455663
350412,304.2463408013016
350413,6282.689234488353
350414,187317.87845793978
350415,494563.7711037304
350416,19607.35258518147
350417,34041.15957867149
350418,401613.63971663197
350419,36904.89254429934
350420,0.0
350421,174844.96278883307
350422,85074.89844149635
350423,222209.230412833
350424,228518.98469414108
350425,2542.8694741063227
350426,1818.73496332393
350427,62035.09146079418
350428,364166.36473086494
350429,26402.991462612583
350430,1434109.380879195
350431,1772.1947567305679
350432,1879.3713386086781
350433,244313.04224315376
350434,138458.760930532
350435,584721.3483227611
350436,641141.0937542164
350437,2220.799014751819
350438,126426.70287731776
350439,112747.37416569203
350440,1257.2161251261375
350441,44940.69823350991
350442,11927.580366748794
350443,178764.65043441672
350444,12503.50931685474
350445,36646.36915683659
350446,18682.941273216038
350447,25826.24695899037
350448,23083.309838721063
350449,340277.661223426
350450,9006.099708503145
350451,29416.087628116613
350452,14107.079572165117
350453,1966.06011349467
350454,55209.01076047081
350455,876.213359467094
350456,27.345220675863857
350457,15164.39630855943
350458,4861.515928204375
350459,7605.8208161016555
350460,4962.828605086996
350461,94577.88398356055
350462,373952.3167392878
350463,1328952.432676618
350464,98244.11270312559
350465,44420.85681771757
350466,28488.738378285598
350467,0.0
350468,62063.75073853007
350469,158.62237392240746
350470,127.44072613992194
350471,3630050.7290480775
350472,479326.8754222042
350473,26403.089110016812
350474,241044.48245778555
350475,447625.5277181913
350476,20196.823624405766
350477,957.0177083716362
350478,44232.91707540319
350479,4607.813989475633
350480,2201.337455796811
350481,22195.41822791127
350482,224238.65155916248
350483,6404.511657865194
350484,190140.8488815067
350485,74104.96079528815
350486,9922.826160758023
350487,216154.98064175303
350488,1656.9185880482569
350489,80330.66129545766
350490,176695.36880301932
350491,161992.2119545826
350492,183576.26653032895
350493,2276.4765401847653
350494,20266.078400144495
350495,15208.245963197223
350496,146739.95314232647
350497,6578.755018346656
350498,90811.13073135904
350499,192699.9215455557
350500,141927.39722530218
350501,64791.159065060565
350502,18426.711379177174
350503,124182.06572300583
350504,9766.70363542058
350505,66828.32432197852
350506,141597.35716315272
350507,66297.8229909974
350508,5830.125002228217
350509,128262.22001973409
350510,145326.1647436244
350511,216697.3663489926
350512,14592.355105943781
350513,102.47876699794004
350514,4244.990645478819
350515,8818.946771599325
350516,19229.524177059262
350517,49934.6502727942
350518,3491.3883954618905
350519,393.3320050083013
350520,20643.113878295564
350521,7915.8174218859385
350522,5663.7671231485565
350523,103293.98693335612
350524,347220.0347613923
350525,39257.81660580071
350526,1562230.9605396963
350527,446462.9489495843
350528,58754.82070817346
350529,201038.7070993943
350530,3092875.5830697967
350531,101707.50338213421
350532,70112.4912522857
350533,916366.6752304791
350534,677475.0706731016
350535,725788.448201261
350536,1377111.0070399474
350537,161056.90724650878
350538,150240.30300683543
350539,2462.9838206089134
350540,5261.664274274874
350541,4.171859531316841
350542,13307.0143052188
350543,106533.02161409544
350544,3759.250875810929
350545,34129.381898167114
350546,517575.09008407727
350547,152334.37600659364
350548,746557.8728257759
350549,352125.527557876
350550,117441.29984832242
350551,76471.25876408571
350552,929.1676674539312
350553,20956.00865556376
350554,315090.15971122624
350555,770752.2602724122
350556,335693.2256296939
350557,21689.87440794739
350558,37672.12202386218
350559,137.43829285335295
350560,23229.920383414305
350561,3531.121227364515
350562,104063.19204355776
350563,162518.57711739515
350564,14800.022171022763
350565,3539.039909156598
350566,823.6308971104553
350567,189941.47295991992
350568,1031342.7424429056
350569,105523.4551282867
350570,3677.798269662537
350571,30290.388260829426
350572,185.6821802803164
350573,134.46208171500095
350574,116693.53065973129
350575,211227.13070492327
350576,146302.5796869871
350577,343334.1558308415
350578,447806.1253465759
350579,15189.81651925081
350580,10932.153533815366
350581,18828.554263685968
350582,1667.1080619171416
350583,1801.941369568298
350584,85248.71903783322
350585,22768.455505292215
350586,774355.4485034412
350587,3480.5023913081063
350588,375.2867278934416
350589,298.2586347912252
350590,21.239625277249104
350591,15.968619715105765
350592,1894.363757091244
350593,1411.5139376403101
350594,102085.8470330004
350595,11851.866526114174
350596,1236.1961869891302
350597,4818.003846253011
350598,1488.565978012212
350599,1825.0097408547647
350600,2692.071159665599
350601,31106.91442237963
350602,1028830.907814913
350603,567927.4444772998
350604,1890733.2050905812
350605,703906.1808468403
350606,34162.54505288058
350607,26020.827348251973
350608,1058.5897737933537
350609,43879.61884872833
350610,93114.49643030037
350611,157640.27340497874
350612,267912.88154001365
350613,87907.60106398338
350614,378616.0972127817
350615,378.1119779600523
350616,23318.313840949737
350617,22091.151471480793
350618,0.0
350619,0.0
350620,609.8606366901693
350621,128.07849806993613
350622,143412.46568298718
350623,907557.7276545336
350624,399727.94460025686
350625,767597.3488697472
350626,31893.954002994597
350627,1017.1009434255702
350628,37295.56327783545
350629,157444.71598443115
350630,174.5960753046288
350631,59.57049431047017
350632,147.40620902400372
350633,253.66812256537594
350634,8306.408042378276
350635,75831.12096714452
350636,25144.131390153998
350637,694338.4487076984
350638,642653.2368298739
350639,261083.81908706244
350640,32031.1183036066
350641,316.0311917058074
350642,7202.617668788839
350643,234473.5117502727
350644,59819.419633786674
350645,1925.414037622537
350646,1721.9753498492032
350647,33493.559883132264
350648,397217.5759254342
350649,35957.49395807914
350650,168232.7594260224
350651,82045.13364469729
350652,217611.94022384382
350653,221579.0887553653
350654,2958.5082883274717
350655,1787.938586188724
350656,120521.15339537265
350657,132962.3887734256
350658,570475.6723570743
350659,629439.0817651204
350660,2115.9586158297916
350661,123928.5516188377
350662,110954.40636501217
350663,1273.4155375000678
350664,44499.35313277699
350665,11458.116416765093
350666,175893.79291141673
350667,12011.276445343312
350668,19150.991824141216
350669,65343.41690021854
350670,363331.46557513153
350671,330259.9869069313
350672,8511.347284202806
350673,28263.42288298985
350674,13650.62907652766
350675,2283.712524530691
350676,54184.91754326306
350677,1176.5773891362007
350678,155.20378418354866
350679,15034.37594458489
350680,5164.937212524305
350681,33933.27275348735
350682,4806.841836867525
350683,92732.46469762566
350684,350327.7914660098
350685,1277212.9712086648
350686,94676.6948626575
350687,43503.71800360658
350688,27770.71500726719
350689,318.7957328483148
350690,60719.81432286956
350691,147.0778465735204
350692,178.47992154205718
350693,3610000.160684741
350694,470117.0674144556
350695,7076.904999226239
350696,1382116.6609591658
350697,24683.33708080433
350698,78697.05030040904
350699,19343.969032668792
350700,957.7296165039917
350701,43894.805119477816
350702,4572.881672144136
350703,2157.658586443678
350704,22084.301711347092
350705,223736.19624794569
350706,5757.1181463602325
350707,189765.49768064622
350708,74096.8466590672
350709,9910.666948493768
350710,212442.91911807712
350711,25198.024404716336
350712,426823.527891875
350713,170957.79716907657
350714,156921.10900950787
350715,179228.73455881444
350716,2114.311096000556
350717,19582.723248894392
350718,14731.050852255452
350719,135225.47152002205
350720,7261.77820130847
350721,62385.72514708554
350722,84655.34576217365
350723,177659.720552026
350724,133060.37553183915
350725,25133.74223349707
350726,387.653067082475
350727,135562.53562187086
350728,63228.19055632479
350729,5677.76950955018
350730,124979.33510463712
350731,141507.05251402684
350732,214688.63913567906
350733,13660.78972018409
350734,111.55939083456188
350735,4153.393431114755
350736,8803.587342875859
350737,17974.701095951885
350738,49554.45984681531
350739,3483.6649835218777
350740,9467.959395634589
350741,20563.501081889357
350742,7865.022422225914
350743,5621.5949016286
350744,102233.15468193761
350745,346374.2772573093
350746,38301.76758507325
350747,1546159.3820211352
350748,439943.7786905927
350749,58098.58349473697
350750,195304.11999689846
350751,1655.5908443627643
350752,236292.28418545576
350753,2932943.4992289473
350754,63684.84595683901
350755,871742.5095702235
350756,642204.2083335132
350757,686812.3686364852
350758,1289089.7456881956
350759,154500.56338193596
350760,144694.18644489453
350761,2448.4753804170323
350762,5818.610093440154
350763,74.29078702945314
350764,13442.959337822062
350765,101563.26086474134
350766,3754.9510512592665
350767,91432.69894665673
350768,499409.62590309826
350769,147004.52555284943
350770,724489.0911352653
350771,346133.0770229081
350772,115508.43392328863
350773,74247.29375578837
350774,776.1516272136344
350775,20431.377850552002
350776,308737.4184312103
350777,753915.036755818
350778,328911.49097201676
350779,20897.683545285858
350780,36609.69903774148
350781,113920.28346743698
350782,22098.61134531097
350783,156530.2539121416
350784,3267.589475374814
350785,100979.79373633844
350786,14241.74128406074
350787,3533.2734786158976
350788,900.9235952924752
350789,182945.265257067
350790,975235.8128120659
350791,99604.2641505263
350792,3662.934848860386
350793,26621.94627938605
350794,130.5538374626499
350795,18026.156419512907
350796,203916.1733285163
350797,144028.6192709141
350798,335685.86051028373
350799,435121.51386266964
350800,14138.552813259545
350801,10276.506744856555
350802,16840.682053239205
350803,1614.3389872543494
350804,2370.9259943373863
350805,81007.14746123513
350806,21292.18023768973
350807,734963.0211306829
350808,32218.75874410253
350809,1773390.158389983
350810,316.1818984334909
350811,1802.326576434287
350812,1396.5538648638012
350813,98316.38531238199
350814,11535.161861090544
350815,1192.5497858322292
350816,4605.003065022414
350817,1476.1501788029361
350818,1730.8649814421929
350819,2580.6710551882443
350820,3345.8500305069665
350821,1001882.3718496505
350822,551197.5696476896
350823,30845.306102215905
350824,667211.2253338146
350825,30856.935010297788
350826,24571.454483384077
350827,1310.2461426114419
350828,41383.2880216275
350829,89951.02040707649
350830,152382.89671133642
350831,260836.7925284011
350832,85144.41997336461
350833,0.0
350834,372668.6431442378
350835,22923.59011982044
350836,22433.34811592427
350837,148.58698793548353
350838,377.17183962952123
350839,21678.880251544953
350840,573.7121602190474
350841,125.75462367122263
350842,139541.29836363537
350843,881464.4269942675
350844,388032.36818310176
350845,748882.5227573302
350846,30911.67865617639
350847,1225.0310064041114
350848,36223.494542502885
350849,676883.648878534
350850,152722.53699215577
350851,250726.80997270712
350852,617386.6270106456
350853,347.8169814150212
350854,96.28703215445464
350855,186.90100667413995
350856,223.05913082228315
350857,7768.853760409614
350858,70808.60906195585
350859,30143.534787329343
350860,24022.847223519042
350861,352.63004494881886
350862,6973.761807712137
350863,34041.15957867149
350864,401613.63971663197
350865,36904.89254429934
350866,0.0
350867,174844.96278883307
350868,85074.89844149635
350869,222209.230412833
350870,228518.98469414108
350871,2542.8694741063227
350872,1818.73496332393
350873,62035.09146079418
350874,364166.36473086494
350875,26402.991462612583
350876,1434109.380879195
350877,1772.1947567305679
350878,1879.3713386086781
350879,244313.04224315376
350880,138458.760930532
350881,584721.3483227611
350882,641141.0937542164
350883,2220.799014751819
350884,126426.70287731776
350885,112747.37416569203
350886,1257.2161251261375
350887,44940.69823350991
350888,11927.580366748794
350889,178764.65043441672
350890,12503.50931685474
350891,36646.36915683659
350892,18682.941273216038
350893,25826.24695899037
350894,23083.309838721063
350895,340277.661223426
350896,9006.099708503145
350897,29416.087628116613
350898,14107.079572165117
350899,1966.06011349467
350900,55209.01076047081
350901,876.213359467094
350902,27.345220675863857
350903,15164.39630855943
350904,4861.515928204375
350905,7605.8208161016555
350906,4962.828605086996
350907,94577.88398356055
350908,373952.3167392878
350909,1328952.432676618
350910,98244.11270312559
350911,44420.85681771757
350912,28488.738378285598
350913,0.0
350914,62063.75073853007
350915,158.62237392240746
350916,127.44072613992194
350917,3630050.7290480775
350918,479326.8754222042
350919,26403.089110016812
350920,241044.48245778555
350921,447625.5277181913
350922,20196.823624405766
350923,957.0177083716362
350924,44232.91707540319
350925,4607.813989475633
350926,2201.337455796811
350927,22195.41822791127
350928,224238.65155916248
350929,6404.511657865194
350930,190140.8488815067
350931,74104.96079528815
350932,9922.826160758023
350933,216154.98064175303
350934,1656.9185880482569
350935,80330.66129545766
350936,176695.36880301932
350937,161992.2119545826
350938,183576.26653032895
350939,2276.4765401847653
350940,20266.078400144495
350941,15208.245963197223
350942,146739.95314232647
350943,6578.755018346656
350944,90811.13073135904
350945,192699.9215455557
350946,141927.39722530218
350947,64791.159065060565
350948,18426.711379177174
350949,124182.06572300583
350950,9766.70363542058
350951,66828.32432197852
350952,141597.35716315272
350953,66297.8229909974
350954,5830.125002228217
350955,128262.22001973409
350956,145326.1647436244
350957,216697.3663489926
350958,14592.355105943781
350959,102.47876699794004
350960,4244.990645478819
350961,8818.946771599325
350962,19229.524177059262
350963,49934.6502727942
350964,3491.3883954618905
350965,393.3320050083013
350966,20643.113878295564
350967,7915.8174218859385
350968,5663.7671231485565
350969,103293.98693335612
350970,347220.0347613923
350971,39257.81660580071
350972,1562230.9605396963
350973,446462.9489495843
350974,58754.82070817346
350975,201038.7070993943
350976,3092875.5830697967
350977,101707.50338213421
350978,70112.4912522857
350979,916366.6752304791
350980,677475.0706731016
350981,725788.448201261
350982,1377111.0070399474
350983,161056.90724650878
350984,150240.30300683543
350985,2462.9838206089134
350986,5261.664274274874
350987,4.171859531316841
350988,13307.0143052188
350989,106533.02161409544
350990,3759.250875810929
350991,34129.381898167114
350992,517575.09008407727
350993,152334.37600659364
350994,746557.8728257759
350995,352125.527557876
350996,117441.29984832242
350997,76471.25876408571
350998,929.1676674539312
350999,20956.00865556376
351000,315090.15971122624
351001,770752.2602724122
351002,335693.2256296939
351003,21689.87440794739
351004,37672.12202386218
351005,137.43829285335295
351006,23229.920383414305
351007,3531.121227364515
351008,104063.19204355776
351009,162518.57711739515
351010,14800.022171022763
351011,3539.039909156598
351012,823.6308971104553
351013,189941.47295991992
351014,1031342.7424429056
351015,105523.4551282867
351016,3677.798269662537
351017,30290.388260829426
351018,185.6821802803164
351019,134.46208171500095
351020,116693.53065973129
351021,211227.13070492327
351022,146302.5796869871
351023,343334.1558308415
351024,447806.1253465759
351025,15189.81651925081
351026,10932.153533815366
351027,18828.554263685968
351028,1667.1080619171416
351029,1801.941369568298
351030,85248.71903783322
351031,22768.455505292215
351032,774355.4485034412
351033,3480.5023913081063
351034,375.2867278934416
351035,298.2586347912252
351036,21.239625277249104
351037,15.968619715105765
351038,1894.363757091244
351039,1411.5139376403101
351040,102085.8470330004
351041,11851.866526114174
351042,1236.1961869891302
351043,4818.003846253011
351044,1488.565978012212
351045,1825.0097408547647
351046,2692.071159665599
351047,31106.91442237963
351048,1028830.907814913
351049,567927.4444772998
351050,1890733.2050905812
351051,703906.1808468403
351052,34162.54505288058
351053,26020.827348251973
351054,1058.5897737933537
351055,43879.61884872833
351056,93114.49643030037
351057,157640.27340497874
351058,267912.88154001365
351059,87907.60106398338
351060,378616.0972127817
351061,378.1119779600523
351062,23318.313840949737
351063,22091.151471480793
351064,0.0
351065,0.0
351066,609.8606366901693
351067,128.07849806993613
351068,143412.46568298718
351069,907557.7276545336
351070,399727.94460025686
351071,767597.3488697472
351072,31893.954002994597
351073,1017.1009434255702
351074,37295.56327783545
351075,157444.71598443115
351076,174.5960753046288
351077,59.57049431047017
351078,147.40620902400372
351079,253.66812256537594
351080,8306.408042378276
351081,75831.12096714452
351082,25144.131390153998
351083,694338.4487076984
351084,642653.2368298739
351085,261083.81908706244
351086,32031.1183036066
351087,316.0311917058074
351088,7202.617668788839
351089,234473.5117502727
351090,59819.419633786674
351091,1925.414037622537
351092,1721.9753498492032
351093,33493.559883132264
351094,397217.5759254342
351095,35957.49395807914
351096,168232.7594260224
351097,82045.13364469729
351098,217611.94022384382
351099,221579.0887553653
351100,2958.5082883274717
351101,1787.938586188724
351102,120521.15339537265
351103,132962.3887734256
351104,570475.6723570743
351105,629439.0817651204
351106,2115.9586158297916
351107,123928.5516188377
351108,110954.40636501217
351109,1273.4155375000678
351110,44499.35313277699
351111,11458.116416765093
351112,175893.79291141673
351113,12011.276445343312
351114,19150.991824141216
351115,65343.41690021854
351116,363331.46557513153
351117,330259.9869069313
351118,8511.347284202806
351119,28263.42288298985
351120,13650.62907652766
351121,2283.712524530691
351122,54184.91754326306
351123,1176.5773891362007
351124,155.20378418354866
351125,15034.37594458489
351126,5164.937212524305
351127,33933.27275348735
351128,4806.841836867525
351129,92732.46469762566
351130,350327.7914660098
351131,1277212.9712086648
351132,94676.6948626575
351133,43503.71800360658
351134,27770.71500726719
351135,318.7957328483148
351136,60719.81432286956
351137,147.0778465735204
351138,178.47992154205718
351139,3610000.160684741
351140,470117.0674144556
351141,7076.904999226239
351142,1382116.6609591658
351143,24683.33708080433
351144,78697.05030040904
351145,19343.969032668792
351146,957.7296165039917
351147,43894.805119477816
351148,4572.881672144136
351149,2157.658586443678
351150,22084.301711347092
351151,223736.19624794569
351152,5757.1181463602325
351153,189765.49768064622
351154,74096.8466590672
351155,9910.666948493768
351156,212442.91911807712
351157,25198.024404716336
351158,426823.527891875
351159,170957.79716907657
351160,156921.10900950787
351161,179228.73455881444
351162,2114.311096000556
351163,19582.723248894392
351164,14731.050852255452
351165,135225.47152002205
351166,7261.77820130847
351167,62385.72514708554
351168,84655.34576217365
351169,177659.720552026
351170,133060.37553183915
351171,25133.74223349707
351172,387.653067082475
351173,135562.53562187086
351174,63228.19055632479
351175,5677.76950955018
351176,124979.33510463712
351177,141507.05251402684
351178,214688.63913567906
351179,13660.78972018409
351180,111.55939083456188
351181,4153.393431114755
351182,8803.587342875859
351183,17974.701095951885
351184,49554.45984681531
351185,3483.6649835218777
351186,9467.959395634589
351187,20563.501081889357
351188,7865.022422225914
351189,5621.5949016286
351190,102233.15468193761
351191,346374.2772573093
351192,38301.76758507325
351193,1546159.3820211352
351194,439943.7786905927
351195,58098.58349473697
351196,195304.11999689846
351197,1655.5908443627643
351198,236292.28418545576
351199,2932943.4992289473
351200,63684.84595683901
351201,871742.5095702235
351202,642204.2083335132
351203,686812.3686364852
351204,1289089.7456881956
351205,154500.56338193596
351206,144694.18644489453
351207,2448.4753804170323
351208,5818.610093440154
351209,74.29078702945314
351210,13442.959337822062
351211,101563.26086474134
351212,3754.9510512592665
351213,91432.69894665673
351214,499409.62590309826
351215,147004.52555284943
351216,724489.0911352653
351217,346133.0770229081
351218,115508.43392328863
351219,74247.29375578837
351220,776.1516272136344
351221,20431.377850552002
351222,308737.4184312103
351223,753915.036755818
351224,328911.49097201676
351225,20897.683545285858
351226,36609.69903774148
351227,113920.28346743698
351228,22098.61134531097
351229,156530.2539121416
351230,3267.589475374814
351231,100979.79373633844
351232,14241.74128406074
351233,3533.2734786158976
351234,900.9235952924752
351235,182945.265257067
351236,975235.8128120659
351237,99604.2641505263
351238,3662.934848860386
351239,26621.94627938605
351240,130.5538374626499
351241,18026.156419512907
351242,203916.1733285163
351243,144028.6192709141
351244,335685.86051028373
351245,435121.51386266964
351246,14138.552813259545
351247,10276.506744856555
351248,16840.682053239205
351249,1614.3389872543494
351250,2370.9259943373863
351251,81007.14746123513
351252,21292.18023768973
351253,734963.0211306829
351254,32218.75874410253
351255,1773390.158389983
351256,316.1818984334909
351257,1802.326576434287
351258,1396.5538648638012
351259,98316.38531238199
351260,11535.161861090544
351261,1192.5497858322292
351262,4605.003065022414
351263,1476.1501788029361
351264,1730.8649814421929
351265,2580.6710551882443
351266,3345.8500305069665
351267,1001882.3718496505
351268,551197.5696476896
351269,30845.306102215905
351270,667211.2253338146
351271,30856.935010297788
351272,24571.454483384077
351273,1310.2461426114419
351274,41383.2880216275
351275,89951.02040707649
351276,152382.89671133642
351277,260836.7925284011
351278,85144.41997336461
351279,0.0
351280,372668.6431442378
351281,22923.59011982044
351282,22433.34811592427
351283,148.58698793548353
351284,377.17183962952123
351285,21678.880251544953
351286,573.7121602190474
351287,125.75462367122263
351288,139541.29836363537
351289,881464.4269942675
351290,388032.36818310176
351291,748882.5227573302
351292,30911.67865617639
351293,1225.0310064041114
351294,36223.494542502885
351295,676883.648878534
351296,152722.53699215577
351297,250726.80997270712
351298,617386.6270106456
351299,347.8169814150212
351300,96.28703215445464
351301,186.90100667413995
351302,223.05913082228315
351303,7768.853760409614
351304,70808.60906195585
351305,30143.534787329343
351306,24022.847223519042
351307,352.63004494881886
351308,6973.761807712137
351309,234473.5117502727
351310,59819.419633786674
351311,1925.414037622537
351312,1721.9753498492032
351313,33493.559883132264
351314,397217.5759254342
351315,35957.49395807914
351316,168232.7594260224
351317,82045.13364469729
351318,217611.94022384382
351319,221579.0887553653
351320,2958.5082883274717
351321,1787.938586188724
351322,120521.15339537265
351323,132962.3887734256
351324,570475.6723570743
351325,629439.0817651204
351326,2115.9586158297916
351327,123928.5516188377
351328,110954.40636501217
351329,1273.4155375000678
351330,44499.35313277699
351331,11458.116416765093
351332,175893.79291141673
351333,12011.276445343312
351334,19150.991824141216
351335,65343.41690021854
351336,363331.46557513153
351337,330259.9869069313
351338,8511.347284202806
351339,28263.42288298985
351340,13650.62907652766
351341,2283.712524530691
351342,54184.91754326306
351343,1176.5773891362007
351344,155.20378418354866
351345,15034.37594458489
351346,5164.937212524305
351347,33933.27275348735
351348,4806.841836867525
351349,92732.46469762566
351350,350327.7914660098
351351,1277212.9712086648
351352,94676.6948626575
351353,43503.71800360658
351354,27770.71500726719
351355,318.7957328483148
351356,60719.81432286956
351357,147.0778465735204
351358,178.47992154205718
351359,3610000.160684741
351360,470117.0674144556
351361,7076.904999226239
351362,1382116.6609591658
351363,24683.33708080433
351364,78697.05030040904
351365,19343.969032668792
351366,957.7296165039917
351367,43894.805119477816
351368,4572.881672144136
351369,2157.658586443678
351370,22084.301711347092
351371,223736.19624794569
351372,5757.1181463602325
351373,189765.49768064622
351374,74096.8466590672
351375,9910.666948493768
351376,212442.91911807712
351377,25198.024404716336
351378,426823.527891875
351379,170957.79716907657
351380,156921.10900950787
351381,179228.73455881444
351382,2114.311096000556
351383,19582.723248894392
351384,14731.050852255452
351385,135225.47152002205
351386,7261.77820130847
351387,62385.72514708554
351388,84655.34576217365
351389,177659.720552026
351390,133060.37553183915
351391,25133.74223349707
351392,387.653067082475
351393,135562.53562187086
351394,63228.19055632479
351395,5677.76950955018
351396,124979.33510463712
351397,141507.05251402684
351398,214688.63913567906
351399,13660.78972018409
351400,111.55939083456188
351401,4153.393431114755
351402,8803.587342875859
351403,17974.701095951885
351404,49554.45984681531
351405,3483.6649835218777
351406,9467.959395634589
351407,20563.501081889357
351408,7865.022422225914
351409,5621.5949016286
351410,102233.15468193761
351411,346374.2772573093
351412,38301.76758507325
351413,1546159.3820211352
351414,439943.7786905927
351415,58098.58349473697
351416,195304.11999689846
351417,1655.5908443627643
351418,236292.28418545576
351419,2932943.4992289473
351420,63684.84595683901
351421,871742.5095702235
351422,642204.2083335132
351423,686812.3686364852
351424,1289089.7456881956
351425,154500.56338193596
351426,144694.18644489453
351427,2448.4753804170323
351428,5818.610093440154
351429,74.29078702945314
351430,13442.959337822062
351431,101563.26086474134
351432,3754.9510512592665
351433,91432.69894665673
351434,499409.62590309826
351435,147004.52555284943
351436,724489.0911352653
351437,346133.0770229081
351438,115508.43392328863
351439,74247.29375578837
351440,776.1516272136344
351441,20431.377850552002
351442,308737.4184312103
351443,753915.036755818
351444,328911.49097201676
351445,20897.683545285858
351446,36609.69903774148
351447,113920.28346743698
351448,22098.61134531097
351449,156530.2539121416
351450,3267.589475374814
351451,100979.79373633844
351452,14241.74128406074
351453,3533.2734786158976
351454,900.9235952924752
351455,182945.265257067
351456,975235.8128120659
351457,99604.2641505263
351458,3662.934848860386
351459,26621.94627938605
351460,130.5538374626499
351461,18026.156419512907
351462,203916.1733285163
351463,144028.6192709141
351464,335685.86051028373
351465,435121.51386266964
351466,14138.552813259545
351467,10276.506744856555
351468,16840.682053239205
351469,1614.3389872543494
351470,2370.9259943373863
351471,81007.14746123513
351472,21292.18023768973
351473,734963.0211306829
351474,32218.75874410253
351475,1773390.158389983
351476,316.1818984334909
351477,1802.326576434287
351478,1396.5538648638012
351479,98316.38531238199
351480,11535.161861090544
351481,1192.5497858322292
351482,4605.003065022414
351483,1476.1501788029361
351484,1730.8649814421929
351485,2580.6710551882443
351486,3345.8500305069665
351487,1001882.3718496505
351488,551197.5696476896
351489,30845.306102215905
351490,667211.2253338146
351491,30856.935010297788
351492,24571.454483384077
351493,1310.2461426114419
351494,41383.2880216275
351495,89951.02040707649
351496,152382.89671133642
351497,260836.7925284011
351498,85144.41997336461
351499,0.0
351500,372668.6431442378
351501,22923.59011982044
351502,22433.34811592427
351503,148.58698793548353
351504,377.17183962952123
351505,21678.880251544953
351506,573.7121602190474
351507,125.75462367122263
351508,139541.29836363537
351509,881464.4269942675
351510,388032.36818310176
351511,748882.5227573302
351512,30911.67865617639
351513,1225.0310064041114
351514,36223.494542502885
351515,676883.648878534
351516,152722.53699215577
351517,250726.80997270712
351518,617386.6270106456
351519,347.8169814150212
351520,96.28703215445464
351521,186.90100667413995
351522,223.05913082228315
351523,7768.853760409614
351524,70808.60906195585
351525,30143.534787329343
351526,24022.847223519042
351527,352.63004494881886
351528,6973.761807712137
