Num,y
348622,2046.4491491183435
348623,35249.008961485095
348624,468085.546180577
348625,54414.04442245402
348626,0.0
348627,191775.5835623914
348628,117078.04674619675
348629,123506.90168926129
348630,135850.96046965182
348631,2433.39698786629
348632,1813.352199887102
348633,79778.80831320312
348634,449104.1997149434
348635,37984.34635333742
348636,2840.3907752918212
348637,204709.45494345148
348638,134590.93178173265
348639,765540.0900253794
348640,831924.0746399574
348641,3148.072856877034
348642,165259.79647022794
348643,120806.8796176909
348644,1353.1809037811415
348645,33022.318832748584
348646,12830.079885362138
348647,214015.85260027676
348648,6957.697006661015
348649,35526.83298677483
348650,7886.609851577139
348651,32481.969475443482
348652,34282.82766412127
348653,340869.44652585604
348654,10000.249905453042
348655,41410.98699370668
348656,16408.242367699182
348657,2780.557496973948
348658,68991.5486292761
348659,1773.7380395785767
348660,176.35810498969522
348661,13237.273214506531
348662,7078.946360005375
348663,24084.2337382715
348664,1835015.0660195176
348665,112876.8509959072
348666,422066.42418649886
348667,1305083.8180162532
348668,136049.866025179
348669,61370.16054530663
348670,33564.644186952646
348671,0.0
348672,59728.04334050016
348673,291.5536080679457
348674,438.2403910769201
348675,4141903.814713175
348676,553027.0652735394
348677,9393.37337856699
348678,83954.25525082479
348679,423289.18998472765
348680,23329.852775763415
348681,1857.5783005270227
348682,45113.99766934913
348683,2958.6133552569045
348684,2015.3623414737388
348685,17077.390480064012
348686,198754.94198569696
348687,8415.05025177902
348688,238198.51574219094
348689,25771.6450069224
348690,9406.201843068999
348691,284538.21488062246
348692,32293.814387150494
348693,254977.41190789314
348694,225638.26804910612
348695,212149.3774740339
348696,116895.87851252066
348697,137995.16256244958
348698,1723.0432583318855
348699,21191.258486725532
348700,15684.864613229796
348701,117272.93347149582
348702,15025.787300143464
348703,56618.35650386246
348704,104849.23118492083
348705,178353.5936739532
348706,165068.5548075033
348707,46854.27218860305
348708,10296.886477243579
348709,98801.61155120382
348710,110311.95688804676
348711,47128.773143174425
348712,7091.481628336098
348713,164768.44296602538
348714,178350.76037430306
348715,264639.5481638153
348716,13700.115792148616
348717,438.10413838496913
348718,1827.6054058355917
348719,6272.494369623847
348720,23809.746388297444
348721,182577.6882478028
348722,3594.480508301306
348723,578.9433949752677
348724,27395.02343300359
348725,8187.708305313152
348726,6125.543004992611
348727,97372.11630405662
348728,393894.84001527104
348729,46406.742769326745
348730,1993786.077263901
348731,523887.0094893885
348732,52301.06130872623
348733,248520.2287860902
348734,859.9466738627331
348735,3840952.110039919
348736,118130.07394820244
348737,85868.23218630353
348738,1210116.1716282978
348739,987875.3401354882
348740,1011856.9971911166
348741,1888109.992039915
348742,206288.6845547779
348743,177196.73164150259
348744,3322.875668450811
348745,19086.510697668746
348746,310.31075664533546
348747,19494.89928420996
348748,135829.7050352505
348749,4528.885108293136
348750,47520.24250957737
348751,631530.6317841742
348752,178921.7457776795
348753,883043.4763549649
348754,441759.63305224874
348755,173995.34373344347
348756,102002.3406668863
348757,906.4732306494943
348758,22299.892281079326
348759,390572.2358728679
348760,986323.5909849891
348761,457239.6101208146
348762,26608.434898294214
348763,34418.9529924683
348764,238.0393811427818
348765,18634.91318228092
348766,196915.11415780347
348767,3854.00822242412
348768,453.34632384057863
348769,116306.59862480433
348770,18007.461863631022
348771,2304.988974223382
348772,1326.9895757436648
348773,247074.54053986756
348774,1174040.2135488505
348775,3563.284680909731
348776,15535.807901903536
348777,223.64060906326523
348778,45151.95290485579
348779,142087.72203649857
348780,274482.8307897432
348781,189722.751658055
348782,460356.2056579296
348783,556833.5453303864
348784,13514.687844206142
348785,8737.64659762418
348786,14833.786309148061
348787,1243.6484977657692
348788,3354.6192217067655
348789,120607.33242788883
348790,34290.63322804689
348791,967114.1924359944
348792,754244.0439812213
348793,386.8021608791132
348794,626.3443232625946
348795,1.0068679799238112
348796,2693.3797859420574
348797,2690.6875238482717
348798,104654.53871960408
348799,19574.13691452387
348800,1254.6577611831844
348801,3837.4926352910315
348802,1282.0089619696462
348803,748.438578545049
348804,1781.0588505811647
348805,4591.931737569266
348806,1249945.223593558
348807,38452.41361439483
348808,1683607.3152545292
348809,506985.71244074486
348810,29173.82716284053
348811,18510.272736963674
348812,1723.4816617385895
348813,40529.895888159066
348814,70905.79218070523
348815,115228.19715264608
348816,309983.6519635347
348817,118682.49237778499
348818,556.4519194376244
348819,487160.0246734062
348820,22023.707528437655
348821,654.9646797179478
348822,0.0
348823,27204.210840554126
348824,0.0
348825,0.0
348826,381.5269722914847
348827,31.51499042620523
348828,212816.45086416
348829,1070523.656148748
348830,444146.096331131
348831,875196.7055631496
348832,36086.07836252337
348833,2403.4256250001827
348834,42350.488895784685
348835,205932.84614000501
348836,801364.3222016126
348837,0.0
348838,133.69749833178184
348839,265.85371790446857
348840,5619.663736742614
348841,56808.84957778007
348842,21145.26311901432
348843,317.7372123115331
348844,7152.838110808159
348845,319057.32693534496
348846,741746.4759174305
348847,25979.755165289993
349519,2046.4491491183435
349520,35249.008961485095
349521,468085.546180577
349522,54414.04442245402
349523,0.0
349524,191775.5835623914
349525,117078.04674619675
349526,123506.90168926129
349527,135850.96046965182
349528,2433.39698786629
349529,1813.352199887102
349530,79778.80831320312
349531,449104.1997149434
349532,37984.34635333742
349533,2840.3907752918212
349534,204709.45494345148
349535,134590.93178173265
349536,765540.0900253794
349537,831924.0746399574
349538,3148.072856877034
349539,165259.79647022794
349540,120806.8796176909
349541,1353.1809037811415
349542,33022.318832748584
349543,12830.079885362138
349544,214015.85260027676
349545,6957.697006661015
349546,35526.83298677483
349547,7886.609851577139
349548,32481.969475443482
349549,34282.82766412127
349550,340869.44652585604
349551,10000.249905453042
349552,41410.98699370668
349553,16408.242367699182
349554,2780.557496973948
349555,68991.5486292761
349556,1773.7380395785767
349557,176.35810498969522
349558,13237.273214506531
349559,7078.946360005375
349560,24084.2337382715
349561,1835015.0660195176
349562,112876.8509959072
349563,422066.42418649886
349564,1305083.8180162532
349565,136049.866025179
349566,61370.16054530663
349567,33564.644186952646
349568,0.0
349569,59728.04334050016
349570,291.5536080679457
349571,438.2403910769201
349572,4141903.814713175
349573,553027.0652735394
349574,9393.37337856699
349575,83954.25525082479
349576,423289.18998472765
349577,23329.852775763415
349578,1857.5783005270227
349579,45113.99766934913
349580,2958.6133552569045
349581,2015.3623414737388
349582,17077.390480064012
349583,198754.94198569696
349584,8415.05025177902
349585,238198.51574219094
349586,25771.6450069224
349587,9406.201843068999
349588,284538.21488062246
349589,32293.814387150494
349590,254977.41190789314
349591,225638.26804910612
349592,212149.3774740339
349593,116895.87851252066
349594,137995.16256244958
349595,1723.0432583318855
349596,21191.258486725532
349597,15684.864613229796
349598,117272.93347149582
349599,15025.787300143464
349600,56618.35650386246
349601,104849.23118492083
349602,178353.5936739532
349603,165068.5548075033
349604,46854.27218860305
349605,10296.886477243579
349606,98801.61155120382
349607,110311.95688804676
349608,47128.773143174425
349609,7091.481628336098
349610,164768.44296602538
349611,178350.76037430306
349612,264639.5481638153
349613,13700.115792148616
349614,438.10413838496913
349615,1827.6054058355917
349616,6272.494369623847
349617,23809.746388297444
349618,182577.6882478028
349619,3594.480508301306
349620,578.9433949752677
349621,27395.02343300359
349622,8187.708305313152
349623,6125.543004992611
349624,97372.11630405662
349625,393894.84001527104
349626,46406.742769326745
349627,1993786.077263901
349628,523887.0094893885
349629,52301.06130872623
349630,248520.2287860902
349631,859.9466738627331
349632,3840952.110039919
349633,118130.07394820244
349634,85868.23218630353
349635,1210116.1716282978
349636,987875.3401354882
349637,1011856.9971911166
349638,1888109.992039915
349639,206288.6845547779
349640,177196.73164150259
349641,3322.875668450811
349642,19086.510697668746
349643,310.31075664533546
349644,19494.89928420996
349645,135829.7050352505
349646,4528.885108293136
349647,47520.24250957737
349648,631530.6317841742
349649,178921.7457776795
349650,883043.4763549649
349651,441759.63305224874
349652,173995.34373344347
349653,102002.3406668863
349654,906.4732306494943
349655,22299.892281079326
349656,390572.2358728679
349657,986323.5909849891
349658,457239.6101208146
349659,26608.434898294214
349660,34418.9529924683
349661,238.0393811427818
349662,18634.91318228092
349663,196915.11415780347
349664,3854.00822242412
349665,453.34632384057863
349666,116306.59862480433
349667,18007.461863631022
349668,2304.988974223382
349669,1326.9895757436648
349670,247074.54053986756
349671,1174040.2135488505
349672,3563.284680909731
349673,15535.807901903536
349674,223.64060906326523
349675,45151.95290485579
349676,142087.72203649857
349677,274482.8307897432
349678,189722.751658055
349679,460356.2056579296
349680,556833.5453303864
349681,13514.687844206142
349682,8737.64659762418
349683,14833.786309148061
349684,1243.6484977657692
349685,3354.6192217067655
349686,120607.33242788883
349687,34290.63322804689
349688,967114.1924359944
349689,754244.0439812213
349690,386.8021608791132
349691,626.3443232625946
349692,1.0068679799238112
349693,2693.3797859420574
349694,2690.6875238482717
349695,104654.53871960408
349696,19574.13691452387
349697,1254.6577611831844
349698,3837.4926352910315
349699,1282.0089619696462
349700,748.438578545049
349701,1781.0588505811647
349702,4591.931737569266
349703,1249945.223593558
349704,38452.41361439483
349705,1683607.3152545292
349706,506985.71244074486
349707,29173.82716284053
349708,18510.272736963674
349709,1723.4816617385895
349710,40529.895888159066
349711,70905.79218070523
349712,115228.19715264608
349713,309983.6519635347
349714,118682.49237778499
349715,556.4519194376244
349716,487160.0246734062
349717,22023.707528437655
349718,654.9646797179478
349719,0.0
349720,27204.210840554126
349721,0.0
349722,0.0
349723,381.5269722914847
349724,31.51499042620523
349725,212816.45086416
349726,1070523.656148748
349727,444146.096331131
349728,875196.7055631496
349729,36086.07836252337
349730,2403.4256250001827
349731,42350.488895784685
349732,205932.84614000501
349733,801364.3222016126
349734,0.0
349735,133.69749833178184
349736,265.85371790446857
349737,5619.663736742614
349738,56808.84957778007
349739,21145.26311901432
349740,317.7372123115331
349741,7152.838110808159
349742,319057.32693534496
349743,741746.4759174305
349744,25979.755165289993
349745,10620.288982510363
349746,95661.7434767561
349747,12307.933387559267
349748,0.0
349749,48675.08378605687
349750,30306.404683227534
349751,39300.63403807256
349752,39191.6989961287
349753,416.21381104306056
349754,41.11873330171693
349755,18474.277745307496
349756,104961.24887027778
349757,6108.749885709709
349758,523825.6627027502
349759,708.7128399493397
349760,629.5379046595976
349761,69118.15706177961
349762,43318.99118017951
349763,120352.52082068473
349764,115614.55290277029
349765,582.2812615688626
349766,39693.777110591705
349767,33575.47986069825
349768,782.545098641532
349769,8512.656769321968
349770,1713.124615383358
349771,35895.19436087736
349772,2170.423606346585
349773,4375.148027239404
349774,3282.956385712545
349775,9882.740925132075
349776,6021.979372128193
349777,98652.49646968173
349778,3772.33434770651
349779,10506.144707325439
349780,5173.788607146647
349781,1016.8374621837975
349782,12521.676796319472
349783,1847.9860632198233
349784,153.9437998319272
349785,2481.238469635544
349786,1847.8201972499028
349787,1128.3556222817388
349788,2632.4837023020264
349789,32778.60311644743
349790,92920.3188902947
349791,414649.42421304574
349792,39411.245857513335
349793,11196.389513739236
349794,7584.221653569821
349795,0.0
349796,14339.822195161112
349797,25.81779079272019
349798,42.78358200143032
349799,831001.580547696
349800,121508.67094277364
349801,5364.893037930775
349802,45656.473549035014
349803,112246.56614427979
349804,7736.17445132015
349805,317.7832292668098
349806,22044.92326495266
349807,1607.6294601078907
349808,797.5977831966383
349809,10130.348782962144
349810,60999.49537153766
349811,2126.353215129624
349812,68632.54397504032
349813,786.420365482697
349814,3742.6402552187137
349815,57188.88268533547
349816,410.21943711393595
349817,14166.634347768057
349818,48317.44631164908
349819,46770.54773249765
349820,27585.6547754033
349821,479.5469401143555
349822,6298.543603081876
349823,4712.575039756262
349824,17464.92699718196
349825,2436.568137618897
349826,18986.066860709543
349827,50297.69080770493
349828,31866.543957927963
349829,15130.008676698431
349830,6275.327204262909
349831,40119.55270233913
349832,2424.419569003402
349833,22037.781328752273
349834,32260.304142369117
349835,12637.035229888847
349836,2224.2759146371445
349837,33955.09261519162
349838,35834.30718823185
349839,49296.94042135135
349840,4753.639918103992
349841,438.10413838496913
349842,837.2117685077892
349843,1347.5673580375249
349844,7633.449449858046
349845,14853.66117404152
349846,853.4110189774301
349847,149.73510440251982
349848,6454.399079064075
349849,1995.0945235270206
349850,1751.7062120312835
349851,30457.646023159105
349852,168964.40585261182
349853,11214.63442573301
349854,304001.93288701656
349855,90647.79557841789
349856,15786.116415266253
349857,51262.85134288826
349858,855613.6090325038
349859,11029.978561275595
349860,8441.387210341782
349861,234318.8292901863
349862,207218.15819399618
349863,226403.7068771955
349864,357930.213983678
349865,46182.07935741308
349866,32541.421338938206
349867,460.4812771864408
349868,3101.6513828534153
349869,0.0
349870,5038.092603139123
349871,27084.8573807511
349872,1398.0410763811587
349873,7339.190040030451
349874,138858.40843387734
349875,28978.20627048651
349876,146203.74662936386
349877,50426.2403811675
349878,24260.55151378266
349879,19401.779556819456
349880,0.0
349881,5019.162529000707
349882,84597.95669893303
349883,212432.84079950233
349884,89748.45485475112
349885,6161.588450240568
349886,11134.435797774462
349887,102.5765448130515
349888,5923.845055301381
349889,561.024162423691
349890,23438.677169364222
349891,36957.61808915793
349892,3501.156608595491
349893,444.04130897076425
349894,179.5140403115214
349895,47686.39640219294
349896,299548.36242964363
349897,35198.06535037831
349898,718.3498358125189
349899,8059.10147158552
349900,88.77430324719353
349901,261.20438300448194
349902,27512.116754959003
349903,36583.061014379404
349904,30100.97136197843
349905,67955.8208196853
349906,95629.42278324248
349907,2957.9382605107858
349908,1930.3626775152788
349909,7091.632715368105
349910,366.62933194651214
349911,1569.8651228073722
349912,15059.795086475657
349913,5125.737831188671
349914,207944.87639979203
349915,1254.5128185935591
349916,291.2167918580727
349917,292.282378220239
349918,0.0
349919,20.404945390722133
349920,542.393225526245
349921,328.4332040388988
349922,49715.50937693738
349923,2611.998863042736
349924,318.8320726608449
349925,1095.6906664715143
349926,377.13360711471887
349927,181.21896228008995
349928,309.7945185826211
349929,10585.308608177316
349930,211656.5013624282
349931,91121.50933410256
349932,405668.1737208129
349933,107774.37441715028
349934,7491.003774954428
349935,4920.88778004676
349936,543.5540737480824
349937,9497.075568452521
349938,19548.64484821175
349939,29886.13699887588
349940,80729.26574385201
349941,28012.281762218816
349942,64521.36980283141
349943,0.0
349944,2711.9889656912383
349945,7140.423685007145
349946,0.0
349947,0.0
349948,148.42105259212747
349949,31.51499042620523
349950,40107.22940117927
349951,301598.4674267635
349952,78389.75191092154
349953,176248.4663537041
349954,9667.18228849617
349955,251.0169145425989
349956,12390.356299810097
349957,43279.07430468332
349958,0.0
349959,0.0
349960,61.88358677298925
349961,21.463523369078302
349962,3208.880228867857
349963,16186.256033012454
349964,7432.442078958909
349965,176297.28900913277
349966,223029.85091569135
349967,87002.6577788319
349968,6453.90294493152
349969,265.2478348380556
349970,693.8740252333728
350191,2046.4491491183435
350192,35249.008961485095
350193,468085.546180577
350194,54414.04442245402
350195,0.0
350196,191775.5835623914
350197,117078.04674619675
350198,123506.90168926129
350199,135850.96046965182
350200,2433.39698786629
350201,1813.352199887102
350202,79778.80831320312
350203,449104.1997149434
350204,37984.34635333742
350205,2840.3907752918212
350206,204709.45494345148
350207,134590.93178173265
350208,765540.0900253794
350209,831924.0746399574
350210,3148.072856877034
350211,165259.79647022794
350212,120806.8796176909
350213,1353.1809037811415
350214,33022.318832748584
350215,12830.079885362138
350216,214015.85260027676
350217,6957.697006661015
350218,35526.83298677483
350219,7886.609851577139
350220,32481.969475443482
350221,34282.82766412127
350222,340869.44652585604
350223,10000.249905453042
350224,41410.98699370668
350225,16408.242367699182
350226,2780.557496973948
350227,68991.5486292761
350228,1773.7380395785767
350229,176.35810498969522
350230,13237.273214506531
350231,7078.946360005375
350232,24084.2337382715
350233,1835015.0660195176
350234,112876.8509959072
350235,422066.42418649886
350236,1305083.8180162532
350237,136049.866025179
350238,61370.16054530663
350239,33564.644186952646
350240,0.0
350241,59728.04334050016
350242,291.5536080679457
350243,438.2403910769201
350244,4141903.814713175
350245,553027.0652735394
350246,9393.37337856699
350247,83954.25525082479
350248,423289.18998472765
350249,23329.852775763415
350250,1857.5783005270227
350251,45113.99766934913
350252,2958.6133552569045
350253,2015.3623414737388
350254,17077.390480064012
350255,198754.94198569696
350256,8415.05025177902
350257,238198.51574219094
350258,25771.6450069224
350259,9406.201843068999
350260,284538.21488062246
350261,32293.814387150494
350262,254977.41190789314
350263,225638.26804910612
350264,212149.3774740339
350265,116895.87851252066
350266,137995.16256244958
350267,1723.0432583318855
350268,21191.258486725532
350269,15684.864613229796
350270,117272.93347149582
350271,15025.787300143464
350272,56618.35650386246
350273,104849.23118492083
350274,178353.5936739532
350275,165068.5548075033
350276,46854.27218860305
350277,10296.886477243579
350278,98801.61155120382
350279,110311.95688804676
350280,47128.773143174425
350281,7091.481628336098
350282,164768.44296602538
350283,178350.76037430306
350284,264639.5481638153
350285,13700.115792148616
350286,438.10413838496913
350287,1827.6054058355917
350288,6272.494369623847
350289,23809.746388297444
350290,182577.6882478028
350291,3594.480508301306
350292,578.9433949752677
350293,27395.02343300359
350294,8187.708305313152
350295,6125.543004992611
350296,97372.11630405662
350297,393894.84001527104
350298,46406.742769326745
350299,1993786.077263901
350300,523887.0094893885
350301,52301.06130872623
350302,248520.2287860902
350303,859.9466738627331
350304,3840952.110039919
350305,118130.07394820244
350306,85868.23218630353
350307,1210116.1716282978
350308,987875.3401354882
350309,1011856.9971911166
350310,1888109.992039915
350311,206288.6845547779
350312,177196.73164150259
350313,3322.875668450811
350314,19086.510697668746
350315,310.31075664533546
350316,19494.89928420996
350317,135829.7050352505
350318,4528.885108293136
350319,47520.24250957737
350320,631530.6317841742
350321,178921.7457776795
350322,883043.4763549649
350323,441759.63305224874
350324,173995.34373344347
350325,102002.3406668863
350326,906.4732306494943
350327,22299.892281079326
350328,390572.2358728679
350329,986323.5909849891
350330,457239.6101208146
350331,26608.434898294214
350332,34418.9529924683
350333,238.0393811427818
350334,18634.91318228092
350335,196915.11415780347
350336,3854.00822242412
350337,453.34632384057863
350338,116306.59862480433
350339,18007.461863631022
350340,2304.988974223382
350341,1326.9895757436648
350342,247074.54053986756
350343,1174040.2135488505
350344,3563.284680909731
350345,15535.807901903536
350346,223.64060906326523
350347,45151.95290485579
350348,142087.72203649857
350349,274482.8307897432
350350,189722.751658055
350351,460356.2056579296
350352,556833.5453303864
350353,13514.687844206142
350354,8737.64659762418
350355,14833.786309148061
350356,1243.6484977657692
350357,3354.6192217067655
350358,120607.33242788883
350359,34290.63322804689
350360,967114.1924359944
350361,754244.0439812213
350362,386.8021608791132
350363,626.3443232625946
350364,1.0068679799238112
350365,2693.3797859420574
350366,2690.6875238482717
350367,104654.53871960408
350368,19574.13691452387
350369,1254.6577611831844
350370,3837.4926352910315
350371,1282.0089619696462
350372,748.438578545049
350373,1781.0588505811647
350374,4591.931737569266
350375,1249945.223593558
350376,38452.41361439483
350377,1683607.3152545292
350378,506985.71244074486
350379,29173.82716284053
350380,18510.272736963674
350381,1723.4816617385895
350382,40529.895888159066
350383,70905.79218070523
350384,115228.19715264608
350385,309983.6519635347
350386,118682.49237778499
350387,556.4519194376244
350388,487160.0246734062
350389,22023.707528437655
350390,654.9646797179478
350391,0.0
350392,27204.210840554126
350393,0.0
350394,0.0
350395,381.5269722914847
350396,31.51499042620523
350397,212816.45086416
350398,1070523.656148748
350399,444146.096331131
350400,875196.7055631496
350401,36086.07836252337
350402,2403.4256250001827
350403,42350.488895784685
350404,205932.84614000501
350405,801364.3222016126
350406,0.0
350407,133.69749833178184
350408,265.85371790446857
350409,5619.663736742614
350410,56808.84957778007
350411,21145.26311901432
350412,317.7372123115331
350413,7152.838110808159
350414,319057.32693534496
350415,741746.4759174305
350416,25979.755165289993
350417,10620.288982510363
350418,95661.7434767561
350419,12307.933387559267
350420,0.0
350421,48675.08378605687
350422,30306.404683227534
350423,39300.63403807256
350424,39191.6989961287
350425,416.21381104306056
350426,41.11873330171693
350427,18474.277745307496
350428,104961.24887027778
350429,6108.749885709709
350430,523825.6627027502
350431,708.7128399493397
350432,629.5379046595976
350433,69118.15706177961
350434,43318.99118017951
350435,120352.52082068473
350436,115614.55290277029
350437,582.2812615688626
350438,39693.777110591705
350439,33575.47986069825
350440,782.545098641532
350441,8512.656769321968
350442,1713.124615383358
350443,35895.19436087736
350444,2170.423606346585
350445,4375.148027239404
350446,3282.956385712545
350447,9882.740925132075
350448,6021.979372128193
350449,98652.49646968173
350450,3772.33434770651
350451,10506.144707325439
350452,5173.788607146647
350453,1016.8374621837975
350454,12521.676796319472
350455,1847.9860632198233
350456,153.9437998319272
350457,2481.238469635544
350458,1847.8201972499028
350459,1128.3556222817388
350460,2632.4837023020264
350461,32778.60311644743
350462,92920.3188902947
350463,414649.42421304574
350464,39411.245857513335
350465,11196.389513739236
350466,7584.221653569821
350467,0.0
350468,14339.822195161112
350469,25.81779079272019
350470,42.78358200143032
350471,831001.580547696
350472,121508.67094277364
350473,5364.893037930775
350474,45656.473549035014
350475,112246.56614427979
350476,7736.17445132015
350477,317.7832292668098
350478,22044.92326495266
350479,1607.6294601078907
350480,797.5977831966383
350481,10130.348782962144
350482,60999.49537153766
350483,2126.353215129624
350484,68632.54397504032
350485,786.420365482697
350486,3742.6402552187137
350487,57188.88268533547
350488,410.21943711393595
350489,14166.634347768057
350490,48317.44631164908
350491,46770.54773249765
350492,27585.6547754033
350493,479.5469401143555
350494,6298.543603081876
350495,4712.575039756262
350496,17464.92699718196
350497,2436.568137618897
350498,18986.066860709543
350499,50297.69080770493
350500,31866.543957927963
350501,15130.008676698431
350502,6275.327204262909
350503,40119.55270233913
350504,2424.419569003402
350505,22037.781328752273
350506,32260.304142369117
350507,12637.035229888847
350508,2224.2759146371445
350509,33955.09261519162
350510,35834.30718823185
350511,49296.94042135135
350512,4753.639918103992
350513,438.10413838496913
350514,837.2117685077892
350515,1347.5673580375249
350516,7633.449449858046
350517,14853.66117404152
350518,853.4110189774301
350519,149.73510440251982
350520,6454.399079064075
350521,1995.0945235270206
350522,1751.7062120312835
350523,30457.646023159105
350524,168964.40585261182
350525,11214.63442573301
350526,304001.93288701656
350527,90647.79557841789
350528,15786.116415266253
350529,51262.85134288826
350530,855613.6090325038
350531,11029.978561275595
350532,8441.387210341782
350533,234318.8292901863
350534,207218.15819399618
350535,226403.7068771955
350536,357930.213983678
350537,46182.07935741308
350538,32541.421338938206
350539,460.4812771864408
350540,3101.6513828534153
350541,0.0
350542,5038.092603139123
350543,27084.8573807511
350544,1398.0410763811587
350545,7339.190040030451
350546,138858.40843387734
350547,28978.20627048651
350548,146203.74662936386
350549,50426.2403811675
350550,24260.55151378266
350551,19401.779556819456
350552,0.0
350553,5019.162529000707
350554,84597.95669893303
350555,212432.84079950233
350556,89748.45485475112
350557,6161.588450240568
350558,11134.435797774462
350559,102.5765448130515
350560,5923.845055301381
350561,561.024162423691
350562,23438.677169364222
350563,36957.61808915793
350564,3501.156608595491
350565,444.04130897076425
350566,179.5140403115214
350567,47686.39640219294
350568,299548.36242964363
350569,35198.06535037831
350570,718.3498358125189
350571,8059.10147158552
350572,88.77430324719353
350573,261.20438300448194
350574,27512.116754959003
350575,36583.061014379404
350576,30100.97136197843
350577,67955.8208196853
350578,95629.42278324248
350579,2957.9382605107858
350580,1930.3626775152788
350581,7091.632715368105
350582,366.62933194651214
350583,1569.8651228073722
350584,15059.795086475657
350585,5125.737831188671
350586,207944.87639979203
350587,1254.5128185935591
350588,291.2167918580727
350589,292.282378220239
350590,0.0
350591,20.404945390722133
350592,542.393225526245
350593,328.4332040388988
350594,49715.50937693738
350595,2611.998863042736
350596,318.8320726608449
350597,1095.6906664715143
350598,377.13360711471887
350599,181.21896228008995
350600,309.7945185826211
350601,10585.308608177316
350602,211656.5013624282
350603,91121.50933410256
350604,405668.1737208129
350605,107774.37441715028
350606,7491.003774954428
350607,4920.88778004676
350608,543.5540737480824
350609,9497.075568452521
350610,19548.64484821175
350611,29886.13699887588
350612,80729.26574385201
350613,28012.281762218816
350614,64521.36980283141
350615,0.0
350616,2711.9889656912383
350617,7140.423685007145
350618,0.0
350619,0.0
350620,148.42105259212747
350621,31.51499042620523
350622,40107.22940117927
350623,301598.4674267635
350624,78389.75191092154
350625,176248.4663537041
350626,9667.18228849617
350627,251.0169145425989
350628,12390.356299810097
350629,43279.07430468332
350630,0.0
350631,0.0
350632,61.88358677298925
350633,21.463523369078302
350634,3208.880228867857
350635,16186.256033012454
350636,7432.442078958909
350637,176297.28900913277
350638,223029.85091569135
350639,87002.6577788319
350640,6453.90294493152
350641,265.2478348380556
350642,693.8740252333728
350643,198234.5069221865
350644,58657.33385318324
350645,2120.9862697686376
350646,2662.917494357516
350647,34076.93345791105
350648,283396.81430799694
350649,32583.449864966482
350650,143711.94043241083
350651,89439.94444075768
350652,75595.85919980805
350653,79162.89970952284
350654,1975.0929700920497
350655,1379.532584313165
350656,124669.4308420133
350657,100985.55970081298
350658,516018.98950400803
350659,512541.26282826427
350660,1740.8337056488144
350661,131081.43855341393
350662,81319.95041366
350663,1514.129464205134
350664,23786.970807853635
350665,7259.449916234162
350666,151831.6445318733
350667,7594.010011953875
350668,21579.339269505646
350669,72512.95167124172
350670,334328.6471103122
350671,273920.7472359125
350672,10788.303102563477
350673,27079.626602719967
350674,11981.244274208006
350675,2903.2510646115243
350676,46283.34608501394
350677,1935.7337275231148
350678,124.05805962157046
350679,13109.022836137865
350680,4687.491779243199
350681,15422.793078023526
350682,4927.975709266881
350683,91110.10504861057
350684,282785.0010299461
350685,1057665.7399805714
350686,105055.21586031845
350687,30711.513208058124
350688,21221.981216032862
350689,0.0
350690,47707.73237060351
350691,137.62127489022362
350692,99.74238166250905
350693,2626279.289152793
350694,364508.79278234654
350695,7589.374310608571
350696,1244486.11905341
350697,23014.41167352302
350698,53577.409826302566
350699,17025.47787561721
350700,1227.662135011481
350701,43230.00202914469
350702,2373.6512563264037
350703,1472.5034420008144
350704,18806.930047760918
350705,168461.81338452775
350706,5393.570107603649
350707,135170.5165072179
350708,47127.32124116836
350709,6365.38145101646
350710,197794.68742296306
350711,16375.822759303377
350712,330182.26094735763
350713,123536.62422219198
350714,119597.54515354612
350715,102602.21589447062
350716,1183.695457659222
350717,18091.101640130368
350718,16206.388807374302
350719,68482.33601841031
350720,8795.966701304968
350721,45207.81345668919
350722,64002.07561619207
350723,135920.26182570995
350724,124626.32046772097
350725,22360.67305570576
350726,316.19611443453607
350727,83059.88279590593
350728,40268.830353740064
350729,7095.975816437389
350730,89233.97124452572
350731,107131.08925502194
350732,192326.4839260099
350733,9838.483595909902
350734,310.03346809333374
350735,2452.5514684594923
350736,5964.119565951775
350737,15811.381145274212
350738,25070.124931262726
350739,2340.092775898854
350740,8000.5705589861245
350741,20427.720383442367
350742,7127.925103832511
350743,5482.79279527428
350744,79192.17305820159
350745,283291.623066398
350746,29453.07530119749
350747,1103384.5731358877
350748,273103.443366326
350749,36251.02170086108
350750,196518.9675163314
350751,810.9109938433938
350752,170714.48141254243
350753,2247730.80826463
350754,26622.105178184414
350755,606380.5676953784
350756,534204.8460183933
350757,547887.9237676796
350758,987232.3866281379
350759,107132.89891179034
350760,119547.14901189708
350761,2370.2831264117544
350762,7796.494442021495
350763,0.0
350764,14319.320475510218
350765,85407.08906257185
350766,3823.4696265104762
350767,37526.035453866556
350768,411459.0513418164
350769,98599.26835729109
350770,566879.9215858576
350771,249559.06675084232
350772,90494.54856207213
350773,57568.01235706909
350774,536.2013412893384
350775,17477.17680387952
350776,283522.15527566307
350777,751603.797793091
350778,324107.0088915005
350779,22863.051541797737
350780,30443.223547546255
350781,88525.87439428957
350782,19583.67218487388
350783,120692.8362495194
350784,2774.659178223783
350785,94540.20302762458
350786,12619.909563761521
350787,3058.5202419568186
350788,1999.8629849562546
350789,126468.84005331252
350790,666035.513497305
350791,75885.5339867566
350792,2704.139534104931
350793,24052.243820187654
350794,12.267987259898007
350795,10708.663719468528
350796,170181.72013349846
350797,109155.75578102675
350798,247073.5152765051
350799,367508.46620682225
350800,13043.166605937513
350801,7839.519593161132
350802,19344.123494515283
350803,1563.2663979851104
350804,4783.50499004472
350805,58034.64283754593
350806,19271.391213502688
350807,659105.0245616644
350808,29943.356743841552
350809,987517.014147987
350810,801.3291516181142
350811,1905.7629025416811
350812,1106.2094562754544
350813,94613.98109587267
350814,6986.487082825944
350815,1283.522514562932
350816,3279.2144047671045
350817,1148.2317085110274
350818,666.3410025066999
350819,1915.2458254865692
350820,3489.8508521345043
350821,835320.0122397933
350822,466984.69773160195
350823,34860.03125869409
350824,316270.83596220834
350825,21664.379833659223
350826,15882.326593766746
350827,1300.8670746674798
350828,27959.6191328906
350829,44950.48740286535
350830,78424.93719243137
350831,229528.230551926
350832,94404.4354798331
350833,121.6280648508291
350834,252549.91513970718
350835,15674.490733158158
350836,17461.559156051808
350837,0.0
350838,307.14768669491286
350839,21977.726073665406
350840,704.8674415518833
350841,31.51499042620523
350842,122408.7532052132
350843,703049.6825148244
350844,262879.74796964275
350845,578199.9832995746
350846,30168.53371713699
350847,1831.0622600470433
350848,36333.08868607567
350849,550591.1646929873
350850,149530.01223928
350851,269146.95861968806
350852,601291.6114217396
350853,324.5184606775397
350854,78.44484981683513
350855,177.41031406322088
350856,214.06241840027985
350857,6585.323946321496
350858,47114.469613006535
350859,18833.68796155306
350860,18474.546201829384
350861,522.922960616945
350862,4076.057935235059
350863,10620.288982510363
350864,95661.7434767561
350865,12307.933387559267
350866,0.0
350867,48675.08378605687
350868,30306.404683227534
350869,39300.63403807256
350870,39191.6989961287
350871,416.21381104306056
350872,41.11873330171693
350873,18474.277745307496
350874,104961.24887027778
350875,6108.749885709709
350876,523825.6627027502
350877,708.7128399493397
350878,629.5379046595976
350879,69118.15706177961
350880,43318.99118017951
350881,120352.52082068473
350882,115614.55290277029
350883,582.2812615688626
350884,39693.777110591705
350885,33575.47986069825
350886,782.545098641532
350887,8512.656769321968
350888,1713.124615383358
350889,35895.19436087736
350890,2170.423606346585
350891,4375.148027239404
350892,3282.956385712545
350893,9882.740925132075
350894,6021.979372128193
350895,98652.49646968173
350896,3772.33434770651
350897,10506.144707325439
350898,5173.788607146647
350899,1016.8374621837975
350900,12521.676796319472
350901,1847.9860632198233
350902,153.9437998319272
350903,2481.238469635544
350904,1847.8201972499028
350905,1128.3556222817388
350906,2632.4837023020264
350907,32778.60311644743
350908,92920.3188902947
350909,414649.42421304574
350910,39411.245857513335
350911,11196.389513739236
350912,7584.221653569821
350913,0.0
350914,14339.822195161112
350915,25.81779079272019
350916,42.78358200143032
350917,831001.580547696
350918,121508.67094277364
350919,5364.893037930775
350920,45656.473549035014
350921,112246.56614427979
350922,7736.17445132015
350923,317.7832292668098
350924,22044.92326495266
350925,1607.6294601078907
350926,797.5977831966383
350927,10130.348782962144
350928,60999.49537153766
350929,2126.353215129624
350930,68632.54397504032
350931,786.420365482697
350932,3742.6402552187137
350933,57188.88268533547
350934,410.21943711393595
350935,14166.634347768057
350936,48317.44631164908
350937,46770.54773249765
350938,27585.6547754033
350939,479.5469401143555
350940,6298.543603081876
350941,4712.575039756262
350942,17464.92699718196
350943,2436.568137618897
350944,18986.066860709543
350945,50297.69080770493
350946,31866.543957927963
350947,15130.008676698431
350948,6275.327204262909
350949,40119.55270233913
350950,2424.419569003402
350951,22037.781328752273
350952,32260.304142369117
350953,12637.035229888847
350954,2224.2759146371445
350955,33955.09261519162
350956,35834.30718823185
350957,49296.94042135135
350958,4753.639918103992
350959,438.10413838496913
350960,837.2117685077892
350961,1347.5673580375249
350962,7633.449449858046
350963,14853.66117404152
350964,853.4110189774301
350965,149.73510440251982
350966,6454.399079064075
350967,1995.0945235270206
350968,1751.7062120312835
350969,30457.646023159105
350970,168964.40585261182
350971,11214.63442573301
350972,304001.93288701656
350973,90647.79557841789
350974,15786.116415266253
350975,51262.85134288826
350976,855613.6090325038
350977,11029.978561275595
350978,8441.387210341782
350979,234318.8292901863
350980,207218.15819399618
350981,226403.7068771955
350982,357930.213983678
350983,46182.07935741308
350984,32541.421338938206
350985,460.4812771864408
350986,3101.6513828534153
350987,0.0
350988,5038.092603139123
350989,27084.8573807511
350990,1398.0410763811587
350991,7339.190040030451
350992,138858.40843387734
350993,28978.20627048651
350994,146203.74662936386
350995,50426.2403811675
350996,24260.55151378266
350997,19401.779556819456
350998,0.0
350999,5019.162529000707
351000,84597.95669893303
351001,212432.84079950233
351002,89748.45485475112
351003,6161.588450240568
351004,11134.435797774462
351005,102.5765448130515
351006,5923.845055301381
351007,561.024162423691
351008,23438.677169364222
351009,36957.61808915793
351010,3501.156608595491
351011,444.04130897076425
351012,179.5140403115214
351013,47686.39640219294
351014,299548.36242964363
351015,35198.06535037831
351016,718.3498358125189
351017,8059.10147158552
351018,88.77430324719353
351019,261.20438300448194
351020,27512.116754959003
351021,36583.061014379404
351022,30100.97136197843
351023,67955.8208196853
351024,95629.42278324248
351025,2957.9382605107858
351026,1930.3626775152788
351027,7091.632715368105
351028,366.62933194651214
351029,1569.8651228073722
351030,15059.795086475657
351031,5125.737831188671
351032,207944.87639979203
351033,1254.5128185935591
351034,291.2167918580727
351035,292.282378220239
351036,0.0
351037,20.404945390722133
351038,542.393225526245
351039,328.4332040388988
351040,49715.50937693738
351041,2611.998863042736
351042,318.8320726608449
351043,1095.6906664715143
351044,377.13360711471887
351045,181.21896228008995
351046,309.7945185826211
351047,10585.308608177316
351048,211656.5013624282
351049,91121.50933410256
351050,405668.1737208129
351051,107774.37441715028
351052,7491.003774954428
351053,4920.88778004676
351054,543.5540737480824
351055,9497.075568452521
351056,19548.64484821175
351057,29886.13699887588
351058,80729.26574385201
351059,28012.281762218816
351060,64521.36980283141
351061,0.0
351062,2711.9889656912383
351063,7140.423685007145
351064,0.0
351065,0.0
351066,148.42105259212747
351067,31.51499042620523
351068,40107.22940117927
351069,301598.4674267635
351070,78389.75191092154
351071,176248.4663537041
351072,9667.18228849617
351073,251.0169145425989
351074,12390.356299810097
351075,43279.07430468332
351076,0.0
351077,0.0
351078,61.88358677298925
351079,21.463523369078302
351080,3208.880228867857
351081,16186.256033012454
351082,7432.442078958909
351083,176297.28900913277
351084,223029.85091569135
351085,87002.6577788319
351086,6453.90294493152
351087,265.2478348380556
351088,693.8740252333728
351089,198234.5069221865
351090,58657.33385318324
351091,2120.9862697686376
351092,2662.917494357516
351093,34076.93345791105
351094,283396.81430799694
351095,32583.449864966482
351096,143711.94043241083
351097,89439.94444075768
351098,75595.85919980805
351099,79162.89970952284
351100,1975.0929700920497
351101,1379.532584313165
351102,124669.4308420133
351103,100985.55970081298
351104,516018.98950400803
351105,512541.26282826427
351106,1740.8337056488144
351107,131081.43855341393
351108,81319.95041366
351109,1514.129464205134
351110,23786.970807853635
351111,7259.449916234162
351112,151831.6445318733
351113,7594.010011953875
351114,21579.339269505646
351115,72512.95167124172
351116,334328.6471103122
351117,273920.7472359125
351118,10788.303102563477
351119,27079.626602719967
351120,11981.244274208006
351121,2903.2510646115243
351122,46283.34608501394
351123,1935.7337275231148
351124,124.05805962157046
351125,13109.022836137865
351126,4687.491779243199
351127,15422.793078023526
351128,4927.975709266881
351129,91110.10504861057
351130,282785.0010299461
351131,1057665.7399805714
351132,105055.21586031845
351133,30711.513208058124
351134,21221.981216032862
351135,0.0
351136,47707.73237060351
351137,137.62127489022362
351138,99.74238166250905
351139,2626279.289152793
351140,364508.79278234654
351141,7589.374310608571
351142,1244486.11905341
351143,23014.41167352302
351144,53577.409826302566
351145,17025.47787561721
351146,1227.662135011481
351147,43230.00202914469
351148,2373.6512563264037
351149,1472.5034420008144
351150,18806.930047760918
351151,168461.81338452775
351152,5393.570107603649
351153,135170.5165072179
351154,47127.32124116836
351155,6365.38145101646
351156,197794.68742296306
351157,16375.822759303377
351158,330182.26094735763
351159,123536.62422219198
351160,119597.54515354612
351161,102602.21589447062
351162,1183.695457659222
351163,18091.101640130368
351164,16206.388807374302
351165,68482.33601841031
351166,8795.966701304968
351167,45207.81345668919
351168,64002.07561619207
351169,135920.26182570995
351170,124626.32046772097
351171,22360.67305570576
351172,316.19611443453607
351173,83059.88279590593
351174,40268.830353740064
351175,7095.975816437389
351176,89233.97124452572
351177,107131.08925502194
351178,192326.4839260099
351179,9838.483595909902
351180,310.03346809333374
351181,2452.5514684594923
351182,5964.119565951775
351183,15811.381145274212
351184,25070.124931262726
351185,2340.092775898854
351186,8000.5705589861245
351187,20427.720383442367
351188,7127.925103832511
351189,5482.79279527428
351190,79192.17305820159
351191,283291.623066398
351192,29453.07530119749
351193,1103384.5731358877
351194,273103.443366326
351195,36251.02170086108
351196,196518.9675163314
351197,810.9109938433938
351198,170714.48141254243
351199,2247730.80826463
351200,26622.105178184414
351201,606380.5676953784
351202,534204.8460183933
351203,547887.9237676796
351204,987232.3866281379
351205,107132.89891179034
351206,119547.14901189708
351207,2370.2831264117544
351208,7796.494442021495
351209,0.0
351210,14319.320475510218
351211,85407.08906257185
351212,3823.4696265104762
351213,37526.035453866556
351214,411459.0513418164
351215,98599.26835729109
351216,566879.9215858576
351217,249559.06675084232
351218,90494.54856207213
351219,57568.01235706909
351220,536.2013412893384
351221,17477.17680387952
351222,283522.15527566307
351223,751603.797793091
351224,324107.0088915005
351225,22863.051541797737
351226,30443.223547546255
351227,88525.87439428957
351228,19583.67218487388
351229,120692.8362495194
351230,2774.659178223783
351231,94540.20302762458
351232,12619.909563761521
351233,3058.5202419568186
351234,1999.8629849562546
351235,126468.84005331252
351236,666035.513497305
351237,75885.5339867566
351238,2704.139534104931
351239,24052.243820187654
351240,12.267987259898007
351241,10708.663719468528
351242,170181.72013349846
351243,109155.75578102675
351244,247073.5152765051
351245,367508.46620682225
351246,13043.166605937513
351247,7839.519593161132
351248,19344.123494515283
351249,1563.2663979851104
351250,4783.50499004472
351251,58034.64283754593
351252,19271.391213502688
351253,659105.0245616644
351254,29943.356743841552
351255,987517.014147987
351256,801.3291516181142
351257,1905.7629025416811
351258,1106.2094562754544
351259,94613.98109587267
351260,6986.487082825944
351261,1283.522514562932
351262,3279.2144047671045
351263,1148.2317085110274
351264,666.3410025066999
351265,1915.2458254865692
351266,3489.8508521345043
351267,835320.0122397933
351268,466984.69773160195
351269,34860.03125869409
351270,316270.83596220834
351271,21664.379833659223
351272,15882.326593766746
351273,1300.8670746674798
351274,27959.6191328906
351275,44950.48740286535
351276,78424.93719243137
351277,229528.230551926
351278,94404.4354798331
351279,121.6280648508291
351280,252549.91513970718
351281,15674.490733158158
351282,17461.559156051808
351283,0.0
351284,307.14768669491286
351285,21977.726073665406
351286,704.8674415518833
351287,31.51499042620523
351288,122408.7532052132
351289,703049.6825148244
351290,262879.74796964275
351291,578199.9832995746
351292,30168.53371713699
351293,1831.0622600470433
351294,36333.08868607567
351295,550591.1646929873
351296,149530.01223928
351297,269146.95861968806
351298,601291.6114217396
351299,324.5184606775397
351300,78.44484981683513
351301,177.41031406322088
351302,214.06241840027985
351303,6585.323946321496
351304,47114.469613006535
351305,18833.68796155306
351306,18474.546201829384
351307,522.922960616945
351308,4076.057935235059
351309,198234.5069221865
351310,58657.33385318324
351311,2120.9862697686376
351312,2662.917494357516
351313,34076.93345791105
351314,283396.81430799694
351315,32583.449864966482
351316,143711.94043241083
351317,89439.94444075768
351318,75595.85919980805
351319,79162.89970952284
351320,1975.0929700920497
351321,1379.532584313165
351322,124669.4308420133
351323,100985.55970081298
351324,516018.98950400803
351325,512541.26282826427
351326,1740.8337056488144
351327,131081.43855341393
351328,81319.95041366
351329,1514.129464205134
351330,23786.970807853635
351331,7259.449916234162
351332,151831.6445318733
351333,7594.010011953875
351334,21579.339269505646
351335,72512.95167124172
351336,334328.6471103122
351337,273920.7472359125
351338,10788.303102563477
351339,27079.626602719967
351340,11981.244274208006
351341,2903.2510646115243
351342,46283.34608501394
351343,1935.7337275231148
351344,124.05805962157046
351345,13109.022836137865
351346,4687.491779243199
351347,15422.793078023526
351348,4927.975709266881
351349,91110.10504861057
351350,282785.0010299461
351351,1057665.7399805714
351352,105055.21586031845
351353,30711.513208058124
351354,21221.981216032862
351355,0.0
351356,47707.73237060351
351357,137.62127489022362
351358,99.74238166250905
351359,2626279.289152793
351360,364508.79278234654
351361,7589.374310608571
351362,1244486.11905341
351363,23014.41167352302
351364,53577.409826302566
351365,17025.47787561721
351366,1227.662135011481
351367,43230.00202914469
351368,2373.6512563264037
351369,1472.5034420008144
351370,18806.930047760918
351371,168461.81338452775
351372,5393.570107603649
351373,135170.5165072179
351374,47127.32124116836
351375,6365.38145101646
351376,197794.68742296306
351377,16375.822759303377
351378,330182.26094735763
351379,123536.62422219198
351380,119597.54515354612
351381,102602.21589447062
351382,1183.695457659222
351383,18091.101640130368
351384,16206.388807374302
351385,68482.33601841031
351386,8795.966701304968
351387,45207.81345668919
351388,64002.07561619207
351389,135920.26182570995
351390,124626.32046772097
351391,22360.67305570576
351392,316.19611443453607
351393,83059.88279590593
351394,40268.830353740064
351395,7095.975816437389
351396,89233.97124452572
351397,107131.08925502194
351398,192326.4839260099
351399,9838.483595909902
351400,310.03346809333374
351401,2452.5514684594923
351402,5964.119565951775
351403,15811.381145274212
351404,25070.124931262726
351405,2340.092775898854
351406,8000.5705589861245
351407,20427.720383442367
351408,7127.925103832511
351409,5482.79279527428
351410,79192.17305820159
351411,283291.623066398
351412,29453.07530119749
351413,1103384.5731358877
351414,273103.443366326
351415,36251.02170086108
351416,196518.9675163314
351417,810.9109938433938
351418,170714.48141254243
351419,2247730.80826463
351420,26622.105178184414
351421,606380.5676953784
351422,534204.8460183933
351423,547887.9237676796
351424,987232.3866281379
351425,107132.89891179034
351426,119547.14901189708
351427,2370.2831264117544
351428,7796.494442021495
351429,0.0
351430,14319.320475510218
351431,85407.08906257185
351432,3823.4696265104762
351433,37526.035453866556
351434,411459.0513418164
351435,98599.26835729109
351436,566879.9215858576
351437,249559.06675084232
351438,90494.54856207213
351439,57568.01235706909
351440,536.2013412893384
351441,17477.17680387952
351442,283522.15527566307
351443,751603.797793091
351444,324107.0088915005
351445,22863.051541797737
351446,30443.223547546255
351447,88525.87439428957
351448,19583.67218487388
351449,120692.8362495194
351450,2774.659178223783
351451,94540.20302762458
351452,12619.909563761521
351453,3058.5202419568186
351454,1999.8629849562546
351455,126468.84005331252
351456,666035.513497305
351457,75885.5339867566
351458,2704.139534104931
351459,24052.243820187654
351460,12.267987259898007
351461,10708.663719468528
351462,170181.72013349846
351463,109155.75578102675
351464,247073.5152765051
351465,367508.46620682225
351466,13043.166605937513
351467,7839.519593161132
351468,19344.123494515283
351469,1563.2663979851104
351470,4783.50499004472
351471,58034.64283754593
351472,19271.391213502688
351473,659105.0245616644
351474,29943.356743841552
351475,987517.014147987
351476,801.3291516181142
351477,1905.7629025416811
351478,1106.2094562754544
351479,94613.98109587267
351480,6986.487082825944
351481,1283.522514562932
351482,3279.2144047671045
351483,1148.2317085110274
351484,666.3410025066999
351485,1915.2458254865692
351486,3489.8508521345043
351487,835320.0122397933
351488,466984.69773160195
351489,34860.03125869409
351490,316270.83596220834
351491,21664.379833659223
351492,15882.326593766746
351493,1300.8670746674798
351494,27959.6191328906
351495,44950.48740286535
351496,78424.93719243137
351497,229528.230551926
351498,94404.4354798331
351499,121.6280648508291
351500,252549.91513970718
351501,15674.490733158158
351502,17461.559156051808
351503,0.0
351504,307.14768669491286
351505,21977.726073665406
351506,704.8674415518833
351507,31.51499042620523
351508,122408.7532052132
351509,703049.6825148244
351510,262879.74796964275
351511,578199.9832995746
351512,30168.53371713699
351513,1831.0622600470433
351514,36333.08868607567
351515,550591.1646929873
351516,149530.01223928
351517,269146.95861968806
351518,601291.6114217396
351519,324.5184606775397
351520,78.44484981683513
351521,177.41031406322088
351522,214.06241840027985
351523,6585.323946321496
351524,47114.469613006535
351525,18833.68796155306
351526,18474.546201829384
351527,522.922960616945
351528,4076.057935235059
