Num,y
348622,1699.5
348623,21953.0
348624,182063.5
348625,22686.0
348626,32.0
348627,93297.5
348628,58123.0
348629,56646.5
348630,58473.0
348631,1826.5
348632,1188.5
348633,37818.5
348634,172467.5
348635,15202.0
348636,1434.5
348637,128676.5
348638,69397.5
348639,317216.0
348640,316681.5
348641,1096.0
348642,81173.5
348643,51897.0
348644,1094.5
348645,15195.0
348646,4751.5
348647,87714.0
348648,4598.0
348649,13667.5
348650,3070.5
348651,14213.5
348652,13005.5
348653,169306.5
348654,7281.0
348655,16730.0
348656,8311.5
348657,2076.5
348658,29521.5
348659,1356.0
348660,160.5
348661,7903.0
348662,2579.0
348663,10348.5
348664,740042.5
348665,62209.5
348666,206477.0
348667,650713.5
348668,63830.5
348669,19354.5
348670,14690.5
348671,80.0
348672,31146.5
348673,92.5
348674,108.0
348675,1694074.5
348676,243791.0
348677,5204.0
348678,31788.5
348679,204071.5
348680,11049.5
348681,643.5
348682,27733.0
348683,1714.0
348684,933.5
348685,12130.5
348686,95162.0
348687,4068.0
348688,71966.0
348689,10432.5
348690,3131.5
348691,123758.5
348692,10048.5
348693,106801.0
348694,84412.0
348695,77733.5
348696,61827.0
348697,51469.0
348698,764.5
348699,11558.5
348700,10237.5
348701,41985.5
348702,4936.5
348703,28322.5
348704,43263.0
348705,92764.5
348706,78106.5
348707,17349.0
348708,4955.0
348709,44836.0
348710,56431.5
348711,26375.5
348712,4565.5
348713,56001.0
348714,66046.5
348715,111441.5
348716,7344.5
348717,353.5
348718,1530.5
348719,2812.5
348720,9893.0
348721,76320.0
348722,1107.0
348723,259.0
348724,11764.5
348725,4077.0
348726,3236.0
348727,48423.5
348728,192771.0
348729,15419.0
348730,677764.5
348731,174757.0
348732,20594.5
348733,125036.0
348734,494.0
348735,1442617.5
348736,24278.5
348737,17073.5
348738,398453.0
348739,320049.5
348740,357381.0
348741,638967.0
348742,74209.5
348743,74907.0
348744,1436.0
348745,5344.0
348746,88.0
348747,9456.0
348748,56478.5
348749,2564.0
348750,17449.5
348751,266993.0
348752,63947.5
348753,353628.0
348754,155767.5
348755,59395.0
348756,38530.0
348757,474.5
348758,11364.5
348759,183739.5
348760,482458.5
348761,208846.0
348762,14440.0
348763,20020.5
348764,168.5
348765,6741.5
348766,77670.0
348767,1682.0
348768,361.5
348769,58867.5
348770,8152.0
348771,1778.5
348772,1102.5
348773,86398.5
348774,439789.5
348775,1716.0
348776,17147.5
348777,80.0
348778,10867.0
348779,56954.0
348780,105337.5
348781,71975.0
348782,162699.0
348783,237532.0
348784,8321.5
348785,5397.0
348786,10565.0
348787,1082.0
348788,2451.0
348789,35905.5
348790,12069.0
348791,392764.0
348792,284851.0
348793,313.5
348794,530.5
348795,16.0
348796,1220.5
348797,727.5
348798,54039.0
348799,4928.5
348800,784.5
348801,2241.5
348802,718.0
348803,382.0
348804,1227.0
348805,2393.5
348806,528529.5
348807,22290.5
348808,686455.5
348809,216078.0
348810,12962.0
348811,9736.5
348812,966.5
348813,19175.5
348814,32164.5
348815,54560.0
348816,143391.0
348817,59932.5
348818,92.0
348819,164835.5
348820,11989.0
348821,209.0
348822,72.0
348823,14655.5
348824,64.0
348825,56.0
348826,426.0
348827,32.0
348828,77458.0
348829,429087.5
348830,176617.0
348831,367737.5
348832,19340.5
348833,1408.0
348834,23502.0
348835,96070.5
348836,350413.0
348837,67.5
348838,139.5
348839,151.5
348840,4186.0
348841,29833.0
348842,12198.5
348843,411.5
348844,2505.0
348845,160274.5
348846,372330.5
348847,12464.0
349519,1480.9635912252597
349520,27241.65528074006
349521,299651.71532984945
349522,28998.745490866488
349523,32.0
349524,147205.77164458003
349525,68446.12613872995
349526,111795.30219698476
349527,102204.00987274796
349528,2979.6606240779547
349529,1449.592357619551
349530,55034.74058290694
349531,288074.80285185657
349532,21219.961740880775
349533,1886.4832902538021
349534,179550.93381217148
349535,121843.24116723283
349536,500953.99065321696
349537,501539.17402392975
349538,2308.7799767976644
349539,114477.51492055968
349540,84652.08585703882
349541,1243.1201802070486
349542,24427.446054788816
349543,10698.788820726266
349544,151867.93255781799
349545,7615.004829648244
349546,19079.765778999354
349547,6348.37179900712
349548,23656.61888982229
349549,16706.7602722518
349550,281192.73719555367
349551,8296.08044135624
349552,23296.65662183794
349553,10516.352559258203
349554,2606.477221753499
349555,44575.16488026447
349556,2027.7557237530336
349557,186.50162996791778
349558,16403.47774362587
349559,7335.384950876886
349560,17891.782117921262
349561,1245610.7772219274
349562,79171.98003841563
349563,342342.0923047315
349564,917090.6454031123
349565,100456.74588471506
349566,27419.039214619595
349567,25609.08970532058
349568,0.0
349569,47450.46961570384
349570,76.26680254075404
349571,229.2742318334491
349572,2763493.9553806614
349573,384883.3962179303
349574,5969.7681743298745
349575,46811.087922011015
349576,344880.6026539365
349577,15083.761820065589
349578,754.0250121326362
349579,38262.423271885295
349580,2090.4753613667062
349581,1650.202696146866
349582,20988.810320416495
349583,191496.51302771474
349584,6427.791789012077
349585,150794.92909819327
349586,42199.12739131925
349587,7469.310754190201
349588,196039.18588712355
349589,14335.564805749375
349590,188434.11593082675
349591,136432.579337943
349592,119639.01512747243
349593,132849.28556131234
349594,97169.3778812407
349595,1233.409096906049
349596,15659.825294769842
349597,11803.25565624843
349598,87236.6518161664
349599,9280.629093253609
349600,57305.99551964404
349601,71704.12872293728
349602,151047.1711326733
349603,117925.47073798973
349604,28087.003398361976
349605,8359.810595394234
349606,61439.04766719001
349607,93581.41967116915
349608,37584.990640687174
349609,5618.936194715755
349610,94533.10877836884
349611,101972.07412636459
349612,186380.70305993618
349613,10543.16725556536
349614,206.14328883382336
349615,4057.3372866751088
349616,6706.576074254564
349617,13910.743277784255
349618,106490.24342037394
349619,3140.947116399773
349620,449.7152201598798
349621,19286.69734424395
349622,6457.371258139472
349623,4662.182755618325
349624,80130.46157861238
349625,305715.8691873632
349626,33397.326805332275
349627,1272052.1871635702
349628,336910.06248719076
349629,33630.01678667975
349630,163365.33564834704
349631,878.9302945165614
349632,2499412.134258708
349633,41243.234394854546
349634,21481.464364419895
349635,704320.3512470442
349636,563815.9141443442
349637,600280.8356778747
349638,1049421.2316568762
349639,113455.72278669762
349640,115499.04577957379
349641,2296.481944106163
349642,6162.000313241488
349643,0.0
349644,13809.848551673014
349645,93828.19572546572
349646,4978.40599927582
349647,28829.466564230537
349648,431882.99245448085
349649,105382.00001368258
349650,568837.7542997977
349651,265567.231661723
349652,93329.69401730492
349653,63018.45732840899
349654,567.2061579708961
349655,14342.665176835297
349656,261287.73185060744
349657,716794.6431097079
349658,316782.7401069305
349659,14853.171521580516
349660,25667.421100821746
349661,131.11362922379868
349662,8425.596208499966
349663,131524.16182281205
349664,1278.9867212688882
349665,361.5
349666,76267.93304921515
349667,11918.18516145886
349668,3838.469012601212
349669,1304.744917598247
349670,165860.12076229524
349671,874628.0470923737
349672,4193.374261236922
349673,29133.829367820006
349674,80.0
349675,15275.714341615872
349676,92370.33577407856
349677,182800.3012024032
349678,122087.84511839674
349679,284492.7691935192
349680,395906.0703137497
349681,13606.573531932934
349682,6592.059774433021
349683,20236.93594589491
349684,1969.4066802158104
349685,3845.0506690615066
349686,65844.12099438556
349687,13482.081385582522
349688,658285.4481318841
349689,459925.6737301672
349690,210.73009526726287
349691,267.73416841267374
349692,16.0
349693,1045.915330748103
349694,998.7313552693453
349695,89026.17045896756
349696,11013.081927993717
349697,1199.7706234629675
349698,4002.804116191924
349699,1659.739479526499
349700,515.2339215109628
349701,1581.9223065953256
349702,2399.7126484692903
349703,822656.2545007922
349704,28063.57410874367
349705,1205911.699330255
349706,357800.00740514015
349707,27764.149215885525
349708,12840.776846345168
349709,1695.8253363024178
349710,24176.10378953417
349711,48479.218829977006
349712,85751.94096484705
349713,206570.76536455035
349714,78617.41986541334
349715,374.2712232325557
349716,302137.00964878395
349717,14762.812780312572
349718,228.14623747606947
349719,0.0
349720,19068.423501694233
349721,64.0
349722,56.0
349723,445.48386163322846
349724,50.0449764796564
349725,119090.21395753726
349726,742058.294596794
349727,282791.28898554965
349728,585743.5470686208
349729,26277.9607427253
349730,1231.0005189278636
349731,30978.11529551353
349732,132708.48777842402
349733,519804.88986484567
349734,69.90743532482804
349735,212.0851989601947
349736,200.9958438281334
349737,5269.350524093982
349738,51145.54418421201
349739,17548.151240455663
349740,304.2463408013016
349741,6282.689234488353
349742,187317.87845793978
349743,494563.7711037304
349744,19607.35258518147
349745,21953.0
349746,182063.5
349747,22686.0
349748,32.0
349749,93297.5
349750,58123.0
349751,56646.5
349752,58473.0
349753,1826.5
349754,1188.5
349755,37818.5
349756,172467.5
349757,15202.0
349758,740042.5
349759,1699.5
349760,1434.5
349761,128676.5
349762,69397.5
349763,317216.0
349764,316681.5
349765,1096.0
349766,81173.5
349767,51897.0
349768,1094.5
349769,15195.0
349770,4751.5
349771,87714.0
349772,4598.0
349773,10348.5
349774,6741.5
349775,14213.5
349776,13005.5
349777,169306.5
349778,7281.0
349779,16730.0
349780,8311.5
349781,2076.5
349782,29521.5
349783,1356.0
349784,160.5
349785,7903.0
349786,2579.0
349787,5204.0
349788,3070.5
349789,62209.5
349790,206477.0
349791,650713.5
349792,63830.5
349793,19354.5
349794,14690.5
349795,80.0
349796,31146.5
349797,92.5
349798,108.0
349799,1694074.5
349800,243791.0
349801,10048.5
349802,106801.0
349803,204071.5
349804,11049.5
349805,643.5
349806,27733.0
349807,1714.0
349808,933.5
349809,12130.5
349810,95162.0
349811,4068.0
349812,71966.0
349813,10432.5
349814,3131.5
349815,123758.5
349816,494.0
349817,31788.5
349818,84412.0
349819,77733.5
349820,61827.0
349821,764.5
349822,11558.5
349823,10237.5
349824,41985.5
349825,4936.5
349826,43263.0
349827,92764.5
349828,78106.5
349829,28322.5
349830,9893.0
349831,76320.0
349832,4955.0
349833,44836.0
349834,56431.5
349835,26375.5
349836,4565.5
349837,56001.0
349838,66046.5
349839,111441.5
349840,7344.5
349841,353.5
349842,1530.5
349843,2812.5
349844,13667.5
349845,17349.0
349846,1107.0
349847,259.0
349848,11764.5
349849,4077.0
349850,3236.0
349851,48423.5
349852,192771.0
349853,15419.0
349854,677764.5
349855,174757.0
349856,20594.5
349857,125036.0
349858,1442617.5
349859,24278.5
349860,17073.5
349861,398453.0
349862,320049.5
349863,357381.0
349864,638967.0
349865,74209.5
349866,74907.0
349867,1436.0
349868,5344.0
349869,88.0
349870,9456.0
349871,56478.5
349872,2564.0
349873,17449.5
349874,266993.0
349875,63947.5
349876,353628.0
349877,155767.5
349878,59395.0
349879,38530.0
349880,474.5
349881,11364.5
349882,183739.5
349883,482458.5
349884,208846.0
349885,14440.0
349886,20020.5
349887,168.5
349888,10867.0
349889,1682.0
349890,58867.5
349891,77670.0
349892,8152.0
349893,1778.5
349894,1102.5
349895,86398.5
349896,439789.5
349897,51469.0
349898,1716.0
349899,17147.5
349900,80.0
349901,361.5
349902,56954.0
349903,105337.5
349904,71975.0
349905,162699.0
349906,237532.0
349907,8321.5
349908,5397.0
349909,10565.0
349910,1082.0
349911,2451.0
349912,35905.5
349913,12069.0
349914,392764.0
349915,2393.5
349916,313.5
349917,530.5
349918,16.0
349919,16.0
349920,1220.5
349921,727.5
349922,54039.0
349923,4928.5
349924,784.5
349925,2241.5
349926,718.0
349927,382.0
349928,1227.0
349929,22290.5
349930,528529.5
349931,284851.0
349932,686455.5
349933,216078.0
349934,12962.0
349935,9736.5
349936,966.5
349937,19175.5
349938,32164.5
349939,54560.0
349940,143391.0
349941,59932.5
349942,164835.5
349943,209.0
349944,11989.0
349945,14655.5
349946,64.0
349947,56.0
349948,426.0
349949,32.0
349950,77458.0
349951,429087.5
349952,176617.0
349953,367737.5
349954,19340.5
349955,1408.0
349956,23502.0
349957,96070.5
349958,72.0
349959,67.5
349960,139.5
349961,151.5
349962,4186.0
349963,29833.0
349964,12198.5
349965,350413.0
349966,372330.5
349967,160274.5
349968,12464.0
349969,411.5
349970,2505.0
350191,1498.3377354259123
350192,27409.23651896543
350193,299467.4662745954
350194,29394.096519204606
350195,0.0
350196,147478.7697427348
350197,68449.23842597402
350198,112121.35347700275
350199,102899.34427016198
350200,3366.471120505259
350201,1705.6583981014974
350202,54852.81829865951
350203,275196.47353096283
350204,21638.982036440226
350205,1927.7925874610764
350206,181126.64793924164
350207,122409.31316065819
350208,508786.6314521179
350209,510150.4208705763
350210,2319.6768791394943
350211,114270.54794288005
350212,84365.08610687015
350213,1233.9394610377726
350214,24397.142719245458
350215,10885.082170138365
350216,151737.5279212453
350217,7589.13642853725
350218,18977.10137017903
350219,5259.968637494054
350220,23475.454822246338
350221,16836.11865009251
350222,277908.6643321539
350223,6971.384190889199
350224,21796.32968313455
350225,10389.19799602013
350226,2246.3595179695803
350227,44975.59736823096
350228,1245.27732489562
350229,91.13688755623389
350230,16556.99367396751
350231,6872.804297666871
350232,17933.939088618186
350233,1147164.7547737425
350234,80082.44336711915
350235,339164.2948097449
350236,872383.5190637365
350237,95376.53330201938
350238,26938.112667580426
350239,25963.99101556372
350240,0.0
350241,48042.88318742008
350242,86.0062604653948
350243,241.67655865743802
350244,2769363.3985105585
350245,387960.57505480776
350246,6061.800062663751
350247,46723.40847943228
350248,342801.9971633163
350249,14366.152221021206
350250,748.3489517478438
350251,37891.70172659514
350252,2040.7997273415544
350253,1629.6448219842255
350254,21208.897736940322
350255,192422.18828702142
350256,5358.467492202009
350257,149535.53719203608
350258,42338.38641733285
350259,7320.317938643591
350260,198126.9503720241
350261,14260.927090481473
350262,193637.23297271624
350263,137249.7663626574
350264,117455.00910271876
350265,132950.61926535072
350266,96769.76453518856
350267,1175.479413034605
350268,15520.739906877852
350269,11829.001934676058
350270,86028.76564074574
350271,8941.864767541281
350272,57207.84509887119
350273,72729.41478118097
350274,148669.99287517864
350275,117257.62850664782
350276,27902.82152095414
350277,8491.686847227405
350278,61434.93741808556
350279,94808.21847304574
350280,37975.16448456455
350281,5473.218201821916
350282,94128.33496742751
350283,101605.42215452279
350284,186383.56536588143
350285,10574.23119720794
350286,198.31232874835467
350287,4062.0394960739072
350288,6742.858252910577
350289,13790.384639692013
350290,105852.11497266241
350291,3149.5959352339473
350292,466.3162906488508
350293,19244.687410835406
350294,6431.443740625502
350295,4633.079576568052
350296,80364.24039972079
350297,302961.9495768619
350298,33169.97298552845
350299,1272289.4481813046
350300,336911.1112957991
350301,33139.864954263605
350302,166253.24052559084
350303,868.6539096836735
350304,2463421.3509803247
350305,41737.082194438306
350306,20971.091266939693
350307,704511.2448169019
350308,543934.3167718775
350309,589737.1718797642
350310,1015563.458397517
350311,110884.88409067167
350312,116621.67765817163
350313,2343.7037762116634
350314,6062.1298948475705
350315,37.14089235257097
350316,13892.286413196813
350317,94899.0992891952
350318,5060.990142788404
350319,28412.992023588988
350320,430782.9295571526
350321,106738.09712894185
350322,577596.950204736
350323,271072.2479182342
350324,95259.9866808363
350325,63931.26029832011
350326,549.6010765983374
350327,14583.489177452733
350328,264759.5019879264
350329,727681.032695183
350330,321892.0395956436
350331,15042.730107313277
350332,25363.971586414307
350333,121.28130385982456
350334,8284.727936961208
350335,133052.50051144956
350336,1327.7301662088175
350337,138.86524396186354
350338,77968.67449231562
350339,12104.7546894281
350340,4125.906472216532
350341,1352.5494717760866
350342,167541.72427655174
350343,873299.6685529195
350344,4261.770596488151
350345,30017.022314616544
350346,186.87173461688172
350347,15501.907530354638
350348,92824.90988530443
350349,185813.35572524118
350350,124395.43733374958
350351,289508.3407377285
350352,401098.58946748654
350353,13616.157976144776
350354,6797.182617157998
350355,17180.26685086092
350356,1980.5500827218139
350357,2935.912353381549
350358,66334.33694503161
350359,13259.091670599402
350360,635106.966751165
350361,467355.0235180906
350362,212.7204196898764
350363,266.0487286178507
350364,28.019265900219864
350365,1066.812330061621
350366,1021.5572141818635
350367,79713.8186808996
350368,11195.245661776591
350369,1169.7853871161708
350370,4077.190307584722
350371,1610.0250529766472
350372,432.8336249385857
350373,1622.072652462004
350374,2393.296658065816
350375,835200.0563065124
350376,28216.6768885988
350377,1209200.8239111449
350378,360278.7626321057
350379,27104.595541618288
350380,12160.924171826267
350381,1349.314309074458
350382,24819.320962322417
350383,49156.78414869871
350384,87082.98018178529
350385,202292.0762680927
350386,78900.72414057655
350387,0.0
350388,305827.7666469122
350389,15974.980525851413
350390,261.3127630034512
350391,0.0
350392,19338.86013571396
350393,0.0
350394,0.0
350395,446.10460050074886
350396,48.709916950524146
350397,118275.44894982417
350398,717116.9997472599
350399,288244.7993351326
350400,588795.5745683054
350401,26217.604978284027
350402,1260.0842064884318
350403,30871.224838639755
350404,134538.04600002174
350405,522981.5902060518
350406,83.95925823624896
350407,211.76386087776746
350408,213.1260229102927
350409,4475.227755148266
350410,49437.44006126726
350411,17094.53752149532
350412,307.99542406962826
350413,6380.471125388995
350414,177105.58841141002
350415,472291.7189508352
350416,19331.394218113903
350417,21953.0
350418,182063.5
350419,22686.0
350420,32.0
350421,93297.5
350422,58123.0
350423,56646.5
350424,58473.0
350425,1826.5
350426,1188.5
350427,37818.5
350428,172467.5
350429,15202.0
350430,740042.5
350431,1699.5
350432,1434.5
350433,128676.5
350434,69397.5
350435,317216.0
350436,316681.5
350437,1096.0
350438,81173.5
350439,51897.0
350440,1094.5
350441,15195.0
350442,4751.5
350443,87714.0
350444,4598.0
350445,10348.5
350446,6741.5
350447,14213.5
350448,13005.5
350449,169306.5
350450,7281.0
350451,16730.0
350452,8311.5
350453,2076.5
350454,29521.5
350455,1356.0
350456,160.5
350457,7903.0
350458,2579.0
350459,5204.0
350460,3070.5
350461,62209.5
350462,206477.0
350463,650713.5
350464,63830.5
350465,19354.5
350466,14690.5
350467,80.0
350468,31146.5
350469,92.5
350470,108.0
350471,1694074.5
350472,243791.0
350473,10048.5
350474,106801.0
350475,204071.5
350476,11049.5
350477,643.5
350478,27733.0
350479,1714.0
350480,933.5
350481,12130.5
350482,95162.0
350483,4068.0
350484,71966.0
350485,10432.5
350486,3131.5
350487,123758.5
350488,494.0
350489,31788.5
350490,84412.0
350491,77733.5
350492,61827.0
350493,764.5
350494,11558.5
350495,10237.5
350496,41985.5
350497,4936.5
350498,43263.0
350499,92764.5
350500,78106.5
350501,28322.5
350502,9893.0
350503,76320.0
350504,4955.0
350505,44836.0
350506,56431.5
350507,26375.5
350508,4565.5
350509,56001.0
350510,66046.5
350511,111441.5
350512,7344.5
350513,353.5
350514,1530.5
350515,2812.5
350516,13667.5
350517,17349.0
350518,1107.0
350519,259.0
350520,11764.5
350521,4077.0
350522,3236.0
350523,48423.5
350524,192771.0
350525,15419.0
350526,677764.5
350527,174757.0
350528,20594.5
350529,125036.0
350530,1442617.5
350531,24278.5
350532,17073.5
350533,398453.0
350534,320049.5
350535,357381.0
350536,638967.0
350537,74209.5
350538,74907.0
350539,1436.0
350540,5344.0
350541,88.0
350542,9456.0
350543,56478.5
350544,2564.0
350545,17449.5
350546,266993.0
350547,63947.5
350548,353628.0
350549,155767.5
350550,59395.0
350551,38530.0
350552,474.5
350553,11364.5
350554,183739.5
350555,482458.5
350556,208846.0
350557,14440.0
350558,20020.5
350559,168.5
350560,10867.0
350561,1682.0
350562,58867.5
350563,77670.0
350564,8152.0
350565,1778.5
350566,1102.5
350567,86398.5
350568,439789.5
350569,51469.0
350570,1716.0
350571,17147.5
350572,80.0
350573,361.5
350574,56954.0
350575,105337.5
350576,71975.0
350577,162699.0
350578,237532.0
350579,8321.5
350580,5397.0
350581,10565.0
350582,1082.0
350583,2451.0
350584,35905.5
350585,12069.0
350586,392764.0
350587,2393.5
350588,313.5
350589,530.5
350590,16.0
350591,16.0
350592,1220.5
350593,727.5
350594,54039.0
350595,4928.5
350596,784.5
350597,2241.5
350598,718.0
350599,382.0
350600,1227.0
350601,22290.5
350602,528529.5
350603,284851.0
350604,686455.5
350605,216078.0
350606,12962.0
350607,9736.5
350608,966.5
350609,19175.5
350610,32164.5
350611,54560.0
350612,143391.0
350613,59932.5
350614,164835.5
350615,209.0
350616,11989.0
350617,14655.5
350618,64.0
350619,56.0
350620,426.0
350621,32.0
350622,77458.0
350623,429087.5
350624,176617.0
350625,367737.5
350626,19340.5
350627,1408.0
350628,23502.0
350629,96070.5
350630,72.0
350631,67.5
350632,139.5
350633,151.5
350634,4186.0
350635,29833.0
350636,12198.5
350637,350413.0
350638,372330.5
350639,160274.5
350640,12464.0
350641,411.5
350642,2505.0
350643,128676.5
350644,37818.5
350645,1434.5
350646,1699.5
350647,21953.0
350648,182063.5
350649,22686.0
350650,93297.5
350651,58123.0
350652,56646.5
350653,58473.0
350654,1826.5
350655,1188.5
350656,76320.0
350657,69397.5
350658,317216.0
350659,316681.5
350660,1096.0
350661,81173.5
350662,51897.0
350663,1094.5
350664,15195.0
350665,4751.5
350666,87714.0
350667,4598.0
350668,13667.5
350669,44836.0
350670,206477.0
350671,169306.5
350672,7281.0
350673,16730.0
350674,8311.5
350675,2076.5
350676,29521.5
350677,1356.0
350678,160.5
350679,7903.0
350680,2579.0
350681,10348.5
350682,3070.5
350683,62209.5
350684,172467.5
350685,650713.5
350686,63830.5
350687,19354.5
350688,14690.5
350689,80.0
350690,31146.5
350691,92.5
350692,108.0
350693,1694074.5
350694,243791.0
350695,5204.0
350696,740042.5
350697,15202.0
350698,31788.5
350699,11049.5
350700,643.5
350701,27733.0
350702,1714.0
350703,933.5
350704,12130.5
350705,95162.0
350706,4068.0
350707,71966.0
350708,10432.5
350709,3131.5
350710,123758.5
350711,10048.5
350712,204071.5
350713,84412.0
350714,77733.5
350715,61827.0
350716,764.5
350717,11558.5
350718,10237.5
350719,41985.5
350720,4936.5
350721,28322.5
350722,43263.0
350723,92764.5
350724,78106.5
350725,14213.5
350726,259.0
350727,56431.5
350728,26375.5
350729,4565.5
350730,56001.0
350731,66046.5
350732,111441.5
350733,7344.5
350734,353.5
350735,1530.5
350736,2812.5
350737,9893.0
350738,17349.0
350739,1107.0
350740,4955.0
350741,11764.5
350742,4077.0
350743,3236.0
350744,48423.5
350745,192771.0
350746,15419.0
350747,677764.5
350748,174757.0
350749,20594.5
350750,125036.0
350751,494.0
350752,106801.0
350753,1442617.5
350754,17073.5
350755,398453.0
350756,320049.5
350757,357381.0
350758,638967.0
350759,74209.5
350760,74907.0
350761,1436.0
350762,5344.0
350763,88.0
350764,9456.0
350765,56478.5
350766,2564.0
350767,24278.5
350768,266993.0
350769,63947.5
350770,353628.0
350771,155767.5
350772,59395.0
350773,38530.0
350774,474.5
350775,11364.5
350776,183739.5
350777,482458.5
350778,208846.0
350779,14440.0
350780,20020.5
350781,56954.0
350782,13005.5
350783,77670.0
350784,1682.0
350785,58867.5
350786,8152.0
350787,1778.5
350788,1102.5
350789,86398.5
350790,439789.5
350791,51469.0
350792,1716.0
350793,17147.5
350794,168.5
350795,6741.5
350796,105337.5
350797,71975.0
350798,162699.0
350799,237532.0
350800,8321.5
350801,5397.0
350802,10565.0
350803,1082.0
350804,2451.0
350805,35905.5
350806,12069.0
350807,392764.0
350808,17449.5
350809,686455.5
350810,530.5
350811,1220.5
350812,727.5
350813,54039.0
350814,4928.5
350815,784.5
350816,2241.5
350817,718.0
350818,382.0
350819,1227.0
350820,2393.5
350821,528529.5
350822,284851.0
350823,22290.5
350824,216078.0
350825,12962.0
350826,9736.5
350827,966.5
350828,19175.5
350829,32164.5
350830,54560.0
350831,143391.0
350832,59932.5
350833,92.0
350834,164835.5
350835,10867.0
350836,11989.0
350837,72.0
350838,313.5
350839,14655.5
350840,426.0
350841,32.0
350842,77458.0
350843,429087.5
350844,176617.0
350845,367737.5
350846,19340.5
350847,1408.0
350848,23502.0
350849,350413.0
350850,96070.5
350851,160274.5
350852,372330.5
350853,209.0
350854,67.5
350855,139.5
350856,151.5
350857,4186.0
350858,29833.0
350859,12464.0
350860,12198.5
350861,411.5
350862,2505.0
350863,34041.15957867149
350864,401613.63971663197
350865,36904.89254429934
350866,32.0
350867,174844.96278883307
350868,85074.89844149635
350869,222209.230412833
350870,228518.98469414108
350871,2542.8694741063227
350872,1818.73496332393
350873,62035.09146079418
350874,364166.36473086494
350875,26402.991462612583
350876,1434109.380879195
350877,1772.1947567305679
350878,1879.3713386086781
350879,244313.04224315376
350880,138458.760930532
350881,584721.3483227611
350882,641141.0937542164
350883,2220.799014751819
350884,126426.70287731776
350885,112747.37416569203
350886,1257.2161251261375
350887,44940.69823350991
350888,11927.580366748794
350889,178764.65043441672
350890,12503.50931685474
350891,36646.36915683659
350892,18682.941273216038
350893,25826.24695899037
350894,23083.309838721063
350895,340277.661223426
350896,9006.099708503145
350897,29416.087628116613
350898,14107.079572165117
350899,1966.06011349467
350900,55209.01076047081
350901,876.213359467094
350902,27.345220675863857
350903,15164.39630855943
350904,4861.515928204375
350905,7605.8208161016555
350906,4962.828605086996
350907,94577.88398356055
350908,373952.3167392878
350909,1328952.432676618
350910,98244.11270312559
350911,44420.85681771757
350912,28488.738378285598
350913,0.0
350914,62063.75073853007
350915,158.62237392240746
350916,127.44072613992194
350917,3630050.7290480775
350918,479326.8754222042
350919,26403.089110016812
350920,241044.48245778555
350921,447625.5277181913
350922,20196.823624405766
350923,957.0177083716362
350924,44232.91707540319
350925,4607.813989475633
350926,2201.337455796811
350927,22195.41822791127
350928,224238.65155916248
350929,6404.511657865194
350930,190140.8488815067
350931,74104.96079528815
350932,9922.826160758023
350933,216154.98064175303
350934,1656.9185880482569
350935,80330.66129545766
350936,176695.36880301932
350937,161992.2119545826
350938,183576.26653032895
350939,2276.4765401847653
350940,20266.078400144495
350941,15208.245963197223
350942,146739.95314232647
350943,6578.755018346656
350944,90811.13073135904
350945,192699.9215455557
350946,141927.39722530218
350947,64791.159065060565
350948,18426.711379177174
350949,124182.06572300583
350950,9766.70363542058
350951,66828.32432197852
350952,141597.35716315272
350953,66297.8229909974
350954,5830.125002228217
350955,128262.22001973409
350956,145326.1647436244
350957,216697.3663489926
350958,14592.355105943781
350959,102.47876699794004
350960,4244.990645478819
350961,8818.946771599325
350962,19229.524177059262
350963,49934.6502727942
350964,3491.3883954618905
350965,393.3320050083013
350966,20643.113878295564
350967,7915.8174218859385
350968,5663.7671231485565
350969,103293.98693335612
350970,347220.0347613923
350971,39257.81660580071
350972,1562230.9605396963
350973,446462.9489495843
350974,58754.82070817346
350975,201038.7070993943
350976,3092875.5830697967
350977,101707.50338213421
350978,70112.4912522857
350979,916366.6752304791
350980,677475.0706731016
350981,725788.448201261
350982,1377111.0070399474
350983,161056.90724650878
350984,150240.30300683543
350985,2462.9838206089134
350986,5261.664274274874
350987,4.171859531316841
350988,13307.0143052188
350989,106533.02161409544
350990,3759.250875810929
350991,34129.381898167114
350992,517575.09008407727
350993,152334.37600659364
350994,746557.8728257759
350995,352125.527557876
350996,117441.29984832242
350997,76471.25876408571
350998,929.1676674539312
350999,20956.00865556376
351000,315090.15971122624
351001,770752.2602724122
351002,335693.2256296939
351003,21689.87440794739
351004,37672.12202386218
351005,137.43829285335295
351006,23229.920383414305
351007,3531.121227364515
351008,104063.19204355776
351009,162518.57711739515
351010,14800.022171022763
351011,3539.039909156598
351012,823.6308971104553
351013,189941.47295991992
351014,1031342.7424429056
351015,105523.4551282867
351016,3677.798269662537
351017,30290.388260829426
351018,80.0
351019,361.5
351020,116693.53065973129
351021,211227.13070492327
351022,146302.5796869871
351023,343334.1558308415
351024,447806.1253465759
351025,15189.81651925081
351026,10932.153533815366
351027,18828.554263685968
351028,1667.1080619171416
351029,1801.941369568298
351030,85248.71903783322
351031,22768.455505292215
351032,774355.4485034412
351033,3480.5023913081063
351034,375.2867278934416
351035,298.2586347912252
351036,16.0
351037,16.0
351038,1894.363757091244
351039,1411.5139376403101
351040,102085.8470330004
351041,11851.866526114174
351042,1236.1961869891302
351043,4818.003846253011
351044,1488.565978012212
351045,1825.0097408547647
351046,2692.071159665599
351047,31106.91442237963
351048,1028830.907814913
351049,567927.4444772998
351050,1890733.2050905812
351051,703906.1808468403
351052,34162.54505288058
351053,26020.827348251973
351054,1058.5897737933537
351055,43879.61884872833
351056,93114.49643030037
351057,157640.27340497874
351058,267912.88154001365
351059,87907.60106398338
351060,378616.0972127817
351061,378.1119779600523
351062,23318.313840949737
351063,22091.151471480793
351064,64.0
351065,56.0
351066,609.8606366901693
351067,128.07849806993613
351068,143412.46568298718
351069,907557.7276545336
351070,399727.94460025686
351071,767597.3488697472
351072,31893.954002994597
351073,1017.1009434255702
351074,37295.56327783545
351075,157444.71598443115
351076,174.5960753046288
351077,59.57049431047017
351078,147.40620902400372
351079,253.66812256537594
351080,8306.408042378276
351081,75831.12096714452
351082,25144.131390153998
351083,694338.4487076984
351084,642653.2368298739
351085,261083.81908706244
351086,32031.1183036066
351087,316.0311917058074
351088,7202.617668788839
351089,128676.5
351090,37818.5
351091,1434.5
351092,1699.5
351093,21953.0
351094,182063.5
351095,22686.0
351096,93297.5
351097,58123.0
351098,56646.5
351099,58473.0
351100,1826.5
351101,1188.5
351102,76320.0
351103,69397.5
351104,317216.0
351105,316681.5
351106,1096.0
351107,81173.5
351108,51897.0
351109,1094.5
351110,15195.0
351111,4751.5
351112,87714.0
351113,4598.0
351114,13667.5
351115,44836.0
351116,206477.0
351117,169306.5
351118,7281.0
351119,16730.0
351120,8311.5
351121,2076.5
351122,29521.5
351123,1356.0
351124,160.5
351125,7903.0
351126,2579.0
351127,10348.5
351128,3070.5
351129,62209.5
351130,172467.5
351131,650713.5
351132,63830.5
351133,19354.5
351134,14690.5
351135,80.0
351136,31146.5
351137,92.5
351138,108.0
351139,1694074.5
351140,243791.0
351141,5204.0
351142,740042.5
351143,15202.0
351144,31788.5
351145,11049.5
351146,643.5
351147,27733.0
351148,1714.0
351149,933.5
351150,12130.5
351151,95162.0
351152,4068.0
351153,71966.0
351154,10432.5
351155,3131.5
351156,123758.5
351157,10048.5
351158,204071.5
351159,84412.0
351160,77733.5
351161,61827.0
351162,764.5
351163,11558.5
351164,10237.5
351165,41985.5
351166,4936.5
351167,28322.5
351168,43263.0
351169,92764.5
351170,78106.5
351171,14213.5
351172,259.0
351173,56431.5
351174,26375.5
351175,4565.5
351176,56001.0
351177,66046.5
351178,111441.5
351179,7344.5
351180,353.5
351181,1530.5
351182,2812.5
351183,9893.0
351184,17349.0
351185,1107.0
351186,4955.0
351187,11764.5
351188,4077.0
351189,3236.0
351190,48423.5
351191,192771.0
351192,15419.0
351193,677764.5
351194,174757.0
351195,20594.5
351196,125036.0
351197,494.0
351198,106801.0
351199,1442617.5
351200,17073.5
351201,398453.0
351202,320049.5
351203,357381.0
351204,638967.0
351205,74209.5
351206,74907.0
351207,1436.0
351208,5344.0
351209,88.0
351210,9456.0
351211,56478.5
351212,2564.0
351213,24278.5
351214,266993.0
351215,63947.5
351216,353628.0
351217,155767.5
351218,59395.0
351219,38530.0
351220,474.5
351221,11364.5
351222,183739.5
351223,482458.5
351224,208846.0
351225,14440.0
351226,20020.5
351227,56954.0
351228,13005.5
351229,77670.0
351230,1682.0
351231,58867.5
351232,8152.0
351233,1778.5
351234,1102.5
351235,86398.5
351236,439789.5
351237,51469.0
351238,1716.0
351239,17147.5
351240,168.5
351241,6741.5
351242,105337.5
351243,71975.0
351244,162699.0
351245,237532.0
351246,8321.5
351247,5397.0
351248,10565.0
351249,1082.0
351250,2451.0
351251,35905.5
351252,12069.0
351253,392764.0
351254,17449.5
351255,686455.5
351256,530.5
351257,1220.5
351258,727.5
351259,54039.0
351260,4928.5
351261,784.5
351262,2241.5
351263,718.0
351264,382.0
351265,1227.0
351266,2393.5
351267,528529.5
351268,284851.0
351269,22290.5
351270,216078.0
351271,12962.0
351272,9736.5
351273,966.5
351274,19175.5
351275,32164.5
351276,54560.0
351277,143391.0
351278,59932.5
351279,92.0
351280,164835.5
351281,10867.0
351282,11989.0
351283,72.0
351284,313.5
351285,14655.5
351286,426.0
351287,32.0
351288,77458.0
351289,429087.5
351290,176617.0
351291,367737.5
351292,19340.5
351293,1408.0
351294,23502.0
351295,350413.0
351296,96070.5
351297,160274.5
351298,372330.5
351299,209.0
351300,67.5
351301,139.5
351302,151.5
351303,4186.0
351304,29833.0
351305,12464.0
351306,12198.5
351307,411.5
351308,2505.0
351309,128676.5
351310,37818.5
351311,1434.5
351312,1699.5
351313,21953.0
351314,182063.5
351315,22686.0
351316,93297.5
351317,58123.0
351318,56646.5
351319,58473.0
351320,1826.5
351321,1188.5
351322,76320.0
351323,69397.5
351324,317216.0
351325,316681.5
351326,1096.0
351327,81173.5
351328,51897.0
351329,1094.5
351330,15195.0
351331,4751.5
351332,87714.0
351333,4598.0
351334,13667.5
351335,44836.0
351336,206477.0
351337,169306.5
351338,7281.0
351339,16730.0
351340,8311.5
351341,2076.5
351342,29521.5
351343,1356.0
351344,160.5
351345,7903.0
351346,2579.0
351347,10348.5
351348,3070.5
351349,62209.5
351350,172467.5
351351,650713.5
351352,63830.5
351353,19354.5
351354,14690.5
351355,80.0
351356,31146.5
351357,92.5
351358,108.0
351359,1694074.5
351360,243791.0
351361,5204.0
351362,740042.5
351363,15202.0
351364,31788.5
351365,11049.5
351366,643.5
351367,27733.0
351368,1714.0
351369,933.5
351370,12130.5
351371,95162.0
351372,4068.0
351373,71966.0
351374,10432.5
351375,3131.5
351376,123758.5
351377,10048.5
351378,204071.5
351379,84412.0
351380,77733.5
351381,61827.0
351382,764.5
351383,11558.5
351384,10237.5
351385,41985.5
351386,4936.5
351387,28322.5
351388,43263.0
351389,92764.5
351390,78106.5
351391,14213.5
351392,259.0
351393,56431.5
351394,26375.5
351395,4565.5
351396,56001.0
351397,66046.5
351398,111441.5
351399,7344.5
351400,353.5
351401,1530.5
351402,2812.5
351403,9893.0
351404,17349.0
351405,1107.0
351406,4955.0
351407,11764.5
351408,4077.0
351409,3236.0
351410,48423.5
351411,192771.0
351412,15419.0
351413,677764.5
351414,174757.0
351415,20594.5
351416,125036.0
351417,494.0
351418,106801.0
351419,1442617.5
351420,17073.5
351421,398453.0
351422,320049.5
351423,357381.0
351424,638967.0
351425,74209.5
351426,74907.0
351427,1436.0
351428,5344.0
351429,88.0
351430,9456.0
351431,56478.5
351432,2564.0
351433,24278.5
351434,266993.0
351435,63947.5
351436,353628.0
351437,155767.5
351438,59395.0
351439,38530.0
351440,474.5
351441,11364.5
351442,183739.5
351443,482458.5
351444,208846.0
351445,14440.0
351446,20020.5
351447,56954.0
351448,13005.5
351449,77670.0
351450,1682.0
351451,58867.5
351452,8152.0
351453,1778.5
351454,1102.5
351455,86398.5
351456,439789.5
351457,51469.0
351458,1716.0
351459,17147.5
351460,168.5
351461,6741.5
351462,105337.5
351463,71975.0
351464,162699.0
351465,237532.0
351466,8321.5
351467,5397.0
351468,10565.0
351469,1082.0
351470,2451.0
351471,35905.5
351472,12069.0
351473,392764.0
351474,17449.5
351475,686455.5
351476,530.5
351477,1220.5
351478,727.5
351479,54039.0
351480,4928.5
351481,784.5
351482,2241.5
351483,718.0
351484,382.0
351485,1227.0
351486,2393.5
351487,528529.5
351488,284851.0
351489,22290.5
351490,216078.0
351491,12962.0
351492,9736.5
351493,966.5
351494,19175.5
351495,32164.5
351496,54560.0
351497,143391.0
351498,59932.5
351499,92.0
351500,164835.5
351501,10867.0
351502,11989.0
351503,72.0
351504,313.5
351505,14655.5
351506,426.0
351507,32.0
351508,77458.0
351509,429087.5
351510,176617.0
351511,367737.5
351512,19340.5
351513,1408.0
351514,23502.0
351515,350413.0
351516,96070.5
351517,160274.5
351518,372330.5
351519,209.0
351520,67.5
351521,139.5
351522,151.5
351523,4186.0
351524,29833.0
351525,12464.0
351526,12198.5
351527,411.5
351528,2505.0
