Num,y
348622,1480.9635912252597
348623,27241.65528074006
348624,299651.71532984945
348625,28998.745490866488
348626,0.0
348627,147205.77164458003
348628,68446.12613872995
348629,111795.30219698476
348630,102204.00987274796
348631,2979.6606240779547
348632,1449.592357619551
348633,55034.74058290694
348634,288074.80285185657
348635,21219.961740880775
348636,1886.4832902538021
348637,179550.93381217148
348638,121843.24116723283
348639,500953.99065321696
348640,501539.17402392975
348641,2308.7799767976644
348642,114477.51492055968
348643,84652.08585703882
348644,1243.1201802070486
348645,24427.446054788816
348646,10698.788820726266
348647,151867.93255781799
348648,7615.004829648244
348649,19079.765778999354
348650,6348.37179900712
348651,23656.61888982229
348652,16706.7602722518
348653,281192.73719555367
348654,8296.08044135624
348655,23296.65662183794
348656,10516.352559258203
348657,2606.477221753499
348658,44575.16488026447
348659,2027.7557237530336
348660,186.50162996791778
348661,16403.47774362587
348662,7335.384950876886
348663,17891.782117921262
348664,1245610.7772219274
348665,79171.98003841563
348666,342342.0923047315
348667,917090.6454031123
348668,100456.74588471506
348669,27419.039214619595
348670,25609.08970532058
348671,0.0
348672,47450.46961570384
348673,76.26680254075404
348674,229.2742318334491
348675,2763493.9553806614
348676,384883.3962179303
348677,5969.7681743298745
348678,46811.087922011015
348679,344880.6026539365
348680,15083.761820065589
348681,754.0250121326362
348682,38262.423271885295
348683,2090.4753613667062
348684,1650.202696146866
348685,20988.810320416495
348686,191496.51302771474
348687,6427.791789012077
348688,150794.92909819327
348689,42199.12739131925
348690,7469.310754190201
348691,196039.18588712355
348692,14335.564805749375
348693,188434.11593082675
348694,136432.579337943
348695,119639.01512747243
348696,132849.28556131234
348697,97169.3778812407
348698,1233.409096906049
348699,15659.825294769842
348700,11803.25565624843
348701,87236.6518161664
348702,9280.629093253609
348703,57305.99551964404
348704,71704.12872293728
348705,151047.1711326733
348706,117925.47073798973
348707,28087.003398361976
348708,8359.810595394234
348709,61439.04766719001
348710,93581.41967116915
348711,37584.990640687174
348712,5618.936194715755
348713,94533.10877836884
348714,101972.07412636459
348715,186380.70305993618
348716,10543.16725556536
348717,206.14328883382336
348718,4057.3372866751088
348719,6706.576074254564
348720,13910.743277784255
348721,106490.24342037394
348722,3140.947116399773
348723,449.7152201598798
348724,19286.69734424395
348725,6457.371258139472
348726,4662.182755618325
348727,80130.46157861238
348728,305715.8691873632
348729,33397.326805332275
348730,1272052.1871635702
348731,336910.06248719076
348732,33630.01678667975
348733,163365.33564834704
348734,878.9302945165614
348735,2499412.134258708
348736,41243.234394854546
348737,21481.464364419895
348738,704320.3512470442
348739,563815.9141443442
348740,600280.8356778747
348741,1049421.2316568762
348742,113455.72278669762
348743,115499.04577957379
348744,2296.481944106163
348745,6162.000313241488
348746,0.0
348747,13809.848551673014
348748,93828.19572546572
348749,4978.40599927582
348750,28829.466564230537
348751,431882.99245448085
348752,105382.00001368258
348753,568837.7542997977
348754,265567.231661723
348755,93329.69401730492
348756,63018.45732840899
348757,567.2061579708961
348758,14342.665176835297
348759,261287.73185060744
348760,716794.6431097079
348761,316782.7401069305
348762,14853.171521580516
348763,25667.421100821746
348764,131.11362922379868
348765,8425.596208499966
348766,131524.16182281205
348767,1278.9867212688882
348768,138.86524396186354
348769,76267.93304921515
348770,11918.18516145886
348771,3838.469012601212
348772,1304.744917598247
348773,165860.12076229524
348774,874628.0470923737
348775,4193.374261236922
348776,29133.829367820006
348777,186.87173461688172
348778,15275.714341615872
348779,92370.33577407856
348780,182800.3012024032
348781,122087.84511839674
348782,284492.7691935192
348783,395906.0703137497
348784,13606.573531932934
348785,6592.059774433021
348786,20236.93594589491
348787,1969.4066802158104
348788,3845.0506690615066
348789,65844.12099438556
348790,13482.081385582522
348791,658285.4481318841
348792,459925.6737301672
348793,210.73009526726287
348794,267.73416841267374
348795,28.019265900219864
348796,1045.915330748103
348797,998.7313552693453
348798,89026.17045896756
348799,11013.081927993717
348800,1199.7706234629675
348801,4002.804116191924
348802,1659.739479526499
348803,515.2339215109628
348804,1581.9223065953256
348805,2399.7126484692903
348806,822656.2545007922
348807,28063.57410874367
348808,1205911.699330255
348809,357800.00740514015
348810,27764.149215885525
348811,12840.776846345168
348812,1695.8253363024178
348813,24176.10378953417
348814,48479.218829977006
348815,85751.94096484705
348816,206570.76536455035
348817,78617.41986541334
348818,374.2712232325557
348819,302137.00964878395
348820,14762.812780312572
348821,228.14623747606947
348822,0.0
348823,19068.423501694233
348824,0.0
348825,0.0
348826,445.48386163322846
348827,50.0449764796564
348828,119090.21395753726
348829,742058.294596794
348830,282791.28898554965
348831,585743.5470686208
348832,26277.9607427253
348833,1231.0005189278636
348834,30978.11529551353
348835,132708.48777842402
348836,519804.88986484567
348837,69.90743532482804
348838,212.0851989601947
348839,200.9958438281334
348840,5269.350524093982
348841,51145.54418421201
348842,17548.151240455663
348843,304.2463408013016
348844,6282.689234488353
348845,187317.87845793978
348846,494563.7711037304
348847,19607.35258518147
349519,1480.9635912252597
349520,27241.65528074006
349521,299651.71532984945
349522,28998.745490866488
349523,0.0
349524,147205.77164458003
349525,68446.12613872995
349526,111795.30219698476
349527,102204.00987274796
349528,2979.6606240779547
349529,1449.592357619551
349530,55034.74058290694
349531,288074.80285185657
349532,21219.961740880775
349533,1886.4832902538021
349534,179550.93381217148
349535,121843.24116723283
349536,500953.99065321696
349537,501539.17402392975
349538,2308.7799767976644
349539,114477.51492055968
349540,84652.08585703882
349541,1243.1201802070486
349542,24427.446054788816
349543,10698.788820726266
349544,151867.93255781799
349545,7615.004829648244
349546,19079.765778999354
349547,6348.37179900712
349548,23656.61888982229
349549,16706.7602722518
349550,281192.73719555367
349551,8296.08044135624
349552,23296.65662183794
349553,10516.352559258203
349554,2606.477221753499
349555,44575.16488026447
349556,2027.7557237530336
349557,186.50162996791778
349558,16403.47774362587
349559,7335.384950876886
349560,17891.782117921262
349561,1245610.7772219274
349562,79171.98003841563
349563,342342.0923047315
349564,917090.6454031123
349565,100456.74588471506
349566,27419.039214619595
349567,25609.08970532058
349568,0.0
349569,47450.46961570384
349570,76.26680254075404
349571,229.2742318334491
349572,2763493.9553806614
349573,384883.3962179303
349574,5969.7681743298745
349575,46811.087922011015
349576,344880.6026539365
349577,15083.761820065589
349578,754.0250121326362
349579,38262.423271885295
349580,2090.4753613667062
349581,1650.202696146866
349582,20988.810320416495
349583,191496.51302771474
349584,6427.791789012077
349585,150794.92909819327
349586,42199.12739131925
349587,7469.310754190201
349588,196039.18588712355
349589,14335.564805749375
349590,188434.11593082675
349591,136432.579337943
349592,119639.01512747243
349593,132849.28556131234
349594,97169.3778812407
349595,1233.409096906049
349596,15659.825294769842
349597,11803.25565624843
349598,87236.6518161664
349599,9280.629093253609
349600,57305.99551964404
349601,71704.12872293728
349602,151047.1711326733
349603,117925.47073798973
349604,28087.003398361976
349605,8359.810595394234
349606,61439.04766719001
349607,93581.41967116915
349608,37584.990640687174
349609,5618.936194715755
349610,94533.10877836884
349611,101972.07412636459
349612,186380.70305993618
349613,10543.16725556536
349614,206.14328883382336
349615,4057.3372866751088
349616,6706.576074254564
349617,13910.743277784255
349618,106490.24342037394
349619,3140.947116399773
349620,449.7152201598798
349621,19286.69734424395
349622,6457.371258139472
349623,4662.182755618325
349624,80130.46157861238
349625,305715.8691873632
349626,33397.326805332275
349627,1272052.1871635702
349628,336910.06248719076
349629,33630.01678667975
349630,163365.33564834704
349631,878.9302945165614
349632,2499412.134258708
349633,41243.234394854546
349634,21481.464364419895
349635,704320.3512470442
349636,563815.9141443442
349637,600280.8356778747
349638,1049421.2316568762
349639,113455.72278669762
349640,115499.04577957379
349641,2296.481944106163
349642,6162.000313241488
349643,0.0
349644,13809.848551673014
349645,93828.19572546572
349646,4978.40599927582
349647,28829.466564230537
349648,431882.99245448085
349649,105382.00001368258
349650,568837.7542997977
349651,265567.231661723
349652,93329.69401730492
349653,63018.45732840899
349654,567.2061579708961
349655,14342.665176835297
349656,261287.73185060744
349657,716794.6431097079
349658,316782.7401069305
349659,14853.171521580516
349660,25667.421100821746
349661,131.11362922379868
349662,8425.596208499966
349663,131524.16182281205
349664,1278.9867212688882
349665,138.86524396186354
349666,76267.93304921515
349667,11918.18516145886
349668,3838.469012601212
349669,1304.744917598247
349670,165860.12076229524
349671,874628.0470923737
349672,4193.374261236922
349673,29133.829367820006
349674,186.87173461688172
349675,15275.714341615872
349676,92370.33577407856
349677,182800.3012024032
349678,122087.84511839674
349679,284492.7691935192
349680,395906.0703137497
349681,13606.573531932934
349682,6592.059774433021
349683,20236.93594589491
349684,1969.4066802158104
349685,3845.0506690615066
349686,65844.12099438556
349687,13482.081385582522
349688,658285.4481318841
349689,459925.6737301672
349690,210.73009526726287
349691,267.73416841267374
349692,28.019265900219864
349693,1045.915330748103
349694,998.7313552693453
349695,89026.17045896756
349696,11013.081927993717
349697,1199.7706234629675
349698,4002.804116191924
349699,1659.739479526499
349700,515.2339215109628
349701,1581.9223065953256
349702,2399.7126484692903
349703,822656.2545007922
349704,28063.57410874367
349705,1205911.699330255
349706,357800.00740514015
349707,27764.149215885525
349708,12840.776846345168
349709,1695.8253363024178
349710,24176.10378953417
349711,48479.218829977006
349712,85751.94096484705
349713,206570.76536455035
349714,78617.41986541334
349715,374.2712232325557
349716,302137.00964878395
349717,14762.812780312572
349718,228.14623747606947
349719,0.0
349720,19068.423501694233
349721,0.0
349722,0.0
349723,445.48386163322846
349724,50.0449764796564
349725,119090.21395753726
349726,742058.294596794
349727,282791.28898554965
349728,585743.5470686208
349729,26277.9607427253
349730,1231.0005189278636
349731,30978.11529551353
349732,132708.48777842402
349733,519804.88986484567
349734,69.90743532482804
349735,212.0851989601947
349736,200.9958438281334
349737,5269.350524093982
349738,51145.54418421201
349739,17548.151240455663
349740,304.2463408013016
349741,6282.689234488353
349742,187317.87845793978
349743,494563.7711037304
349744,19607.35258518147
349745,34041.15957867149
349746,401613.63971663197
349747,36904.89254429934
349748,90.86586989891686
349749,174844.96278883307
349750,85074.89844149635
349751,222209.230412833
349752,228518.98469414108
349753,2542.8694741063227
349754,1818.73496332393
349755,62035.09146079418
349756,364166.36473086494
349757,26402.991462612583
349758,1434109.380879195
349759,1772.1947567305679
349760,1879.3713386086781
349761,244313.04224315376
349762,138458.760930532
349763,584721.3483227611
349764,641141.0937542164
349765,2220.799014751819
349766,126426.70287731776
349767,112747.37416569203
349768,1257.2161251261375
349769,44940.69823350991
349770,11927.580366748794
349771,178764.65043441672
349772,12503.50931685474
349773,36646.36915683659
349774,18682.941273216038
349775,25826.24695899037
349776,23083.309838721063
349777,340277.661223426
349778,9006.099708503145
349779,29416.087628116613
349780,14107.079572165117
349781,1966.06011349467
349782,55209.01076047081
349783,876.213359467094
349784,27.345220675863857
349785,15164.39630855943
349786,4861.515928204375
349787,7605.8208161016555
349788,4962.828605086996
349789,94577.88398356055
349790,373952.3167392878
349791,1328952.432676618
349792,98244.11270312559
349793,44420.85681771757
349794,28488.738378285598
349795,0.0
349796,62063.75073853007
349797,158.62237392240746
349798,127.44072613992194
349799,3630050.7290480775
349800,479326.8754222042
349801,26403.089110016812
349802,241044.48245778555
349803,447625.5277181913
349804,20196.823624405766
349805,957.0177083716362
349806,44232.91707540319
349807,4607.813989475633
349808,2201.337455796811
349809,22195.41822791127
349810,224238.65155916248
349811,6404.511657865194
349812,190140.8488815067
349813,74104.96079528815
349814,9922.826160758023
349815,216154.98064175303
349816,1656.9185880482569
349817,80330.66129545766
349818,176695.36880301932
349819,161992.2119545826
349820,183576.26653032895
349821,2276.4765401847653
349822,20266.078400144495
349823,15208.245963197223
349824,146739.95314232647
349825,6578.755018346656
349826,90811.13073135904
349827,192699.9215455557
349828,141927.39722530218
349829,64791.159065060565
349830,18426.711379177174
349831,124182.06572300583
349832,9766.70363542058
349833,66828.32432197852
349834,141597.35716315272
349835,66297.8229909974
349836,5830.125002228217
349837,128262.22001973409
349838,145326.1647436244
349839,216697.3663489926
349840,14592.355105943781
349841,102.47876699794004
349842,4244.990645478819
349843,8818.946771599325
349844,19229.524177059262
349845,49934.6502727942
349846,3491.3883954618905
349847,393.3320050083013
349848,20643.113878295564
349849,7915.8174218859385
349850,5663.7671231485565
349851,103293.98693335612
349852,347220.0347613923
349853,39257.81660580071
349854,1562230.9605396963
349855,446462.9489495843
349856,58754.82070817346
349857,201038.7070993943
349858,3092875.5830697967
349859,101707.50338213421
349860,70112.4912522857
349861,916366.6752304791
349862,677475.0706731016
349863,725788.448201261
349864,1377111.0070399474
349865,161056.90724650878
349866,150240.30300683543
349867,2462.9838206089134
349868,5261.664274274874
349869,4.171859531316841
349870,13307.0143052188
349871,106533.02161409544
349872,3759.250875810929
349873,34129.381898167114
349874,517575.09008407727
349875,152334.37600659364
349876,746557.8728257759
349877,352125.527557876
349878,117441.29984832242
349879,76471.25876408571
349880,929.1676674539312
349881,20956.00865556376
349882,315090.15971122624
349883,770752.2602724122
349884,335693.2256296939
349885,21689.87440794739
349886,37672.12202386218
349887,137.43829285335295
349888,23229.920383414305
349889,3531.121227364515
349890,104063.19204355776
349891,162518.57711739515
349892,14800.022171022763
349893,3539.039909156598
349894,823.6308971104553
349895,189941.47295991992
349896,1031342.7424429056
349897,105523.4551282867
349898,3677.798269662537
349899,30290.388260829426
349900,142.84518900719104
349901,59.670601227438326
349902,116693.53065973129
349903,211227.13070492327
349904,146302.5796869871
349905,343334.1558308415
349906,447806.1253465759
349907,15189.81651925081
349908,10932.153533815366
349909,18828.554263685968
349910,1667.1080619171416
349911,1801.941369568298
349912,85248.71903783322
349913,22768.455505292215
349914,774355.4485034412
349915,3480.5023913081063
349916,375.2867278934416
349917,298.2586347912252
349918,13.802756170631199
349919,12.24518484393965
349920,1894.363757091244
349921,1411.5139376403101
349922,102085.8470330004
349923,11851.866526114174
349924,1236.1961869891302
349925,4818.003846253011
349926,1488.565978012212
349927,1825.0097408547647
349928,2692.071159665599
349929,31106.91442237963
349930,1028830.907814913
349931,567927.4444772998
349932,1890733.2050905812
349933,703906.1808468403
349934,34162.54505288058
349935,26020.827348251973
349936,1058.5897737933537
349937,43879.61884872833
349938,93114.49643030037
349939,157640.27340497874
349940,267912.88154001365
349941,87907.60106398338
349942,378616.0972127817
349943,378.1119779600523
349944,23318.313840949737
349945,22091.151471480793
349946,0.0
349947,0.0
349948,609.8606366901693
349949,128.07849806993613
349950,143412.46568298718
349951,907557.7276545336
349952,399727.94460025686
349953,767597.3488697472
349954,31893.954002994597
349955,1017.1009434255702
349956,37295.56327783545
349957,157444.71598443115
349958,174.5960753046288
349959,59.57049431047017
349960,147.40620902400372
349961,253.66812256537594
349962,8306.408042378276
349963,75831.12096714452
349964,25144.131390153998
349965,694338.4487076984
349966,642653.2368298739
349967,261083.81908706244
349968,32031.1183036066
349969,316.0311917058074
349970,7202.617668788839
350191,1480.9635912252597
350192,27241.65528074006
350193,299651.71532984945
350194,28998.745490866488
350195,0.0
350196,147205.77164458003
350197,68446.12613872995
350198,111795.30219698476
350199,102204.00987274796
350200,2979.6606240779547
350201,1449.592357619551
350202,55034.74058290694
350203,288074.80285185657
350204,21219.961740880775
350205,1886.4832902538021
350206,179550.93381217148
350207,121843.24116723283
350208,500953.99065321696
350209,501539.17402392975
350210,2308.7799767976644
350211,114477.51492055968
350212,84652.08585703882
350213,1243.1201802070486
350214,24427.446054788816
350215,10698.788820726266
350216,151867.93255781799
350217,7615.004829648244
350218,19079.765778999354
350219,6348.37179900712
350220,23656.61888982229
350221,16706.7602722518
350222,281192.73719555367
350223,8296.08044135624
350224,23296.65662183794
350225,10516.352559258203
350226,2606.477221753499
350227,44575.16488026447
350228,2027.7557237530336
350229,186.50162996791778
350230,16403.47774362587
350231,7335.384950876886
350232,17891.782117921262
350233,1245610.7772219274
350234,79171.98003841563
350235,342342.0923047315
350236,917090.6454031123
350237,100456.74588471506
350238,27419.039214619595
350239,25609.08970532058
350240,0.0
350241,47450.46961570384
350242,76.26680254075404
350243,229.2742318334491
350244,2763493.9553806614
350245,384883.3962179303
350246,5969.7681743298745
350247,46811.087922011015
350248,344880.6026539365
350249,15083.761820065589
350250,754.0250121326362
350251,38262.423271885295
350252,2090.4753613667062
350253,1650.202696146866
350254,20988.810320416495
350255,191496.51302771474
350256,6427.791789012077
350257,150794.92909819327
350258,42199.12739131925
350259,7469.310754190201
350260,196039.18588712355
350261,14335.564805749375
350262,188434.11593082675
350263,136432.579337943
350264,119639.01512747243
350265,132849.28556131234
350266,97169.3778812407
350267,1233.409096906049
350268,15659.825294769842
350269,11803.25565624843
350270,87236.6518161664
350271,9280.629093253609
350272,57305.99551964404
350273,71704.12872293728
350274,151047.1711326733
350275,117925.47073798973
350276,28087.003398361976
350277,8359.810595394234
350278,61439.04766719001
350279,93581.41967116915
350280,37584.990640687174
350281,5618.936194715755
350282,94533.10877836884
350283,101972.07412636459
350284,186380.70305993618
350285,10543.16725556536
350286,206.14328883382336
350287,4057.3372866751088
350288,6706.576074254564
350289,13910.743277784255
350290,106490.24342037394
350291,3140.947116399773
350292,449.7152201598798
350293,19286.69734424395
350294,6457.371258139472
350295,4662.182755618325
350296,80130.46157861238
350297,305715.8691873632
350298,33397.326805332275
350299,1272052.1871635702
350300,336910.06248719076
350301,33630.01678667975
350302,163365.33564834704
350303,878.9302945165614
350304,2499412.134258708
350305,41243.234394854546
350306,21481.464364419895
350307,704320.3512470442
350308,563815.9141443442
350309,600280.8356778747
350310,1049421.2316568762
350311,113455.72278669762
350312,115499.04577957379
350313,2296.481944106163
350314,6162.000313241488
350315,0.0
350316,13809.848551673014
350317,93828.19572546572
350318,4978.40599927582
350319,28829.466564230537
350320,431882.99245448085
350321,105382.00001368258
350322,568837.7542997977
350323,265567.231661723
350324,93329.69401730492
350325,63018.45732840899
350326,567.2061579708961
350327,14342.665176835297
350328,261287.73185060744
350329,716794.6431097079
350330,316782.7401069305
350331,14853.171521580516
350332,25667.421100821746
350333,131.11362922379868
350334,8425.596208499966
350335,131524.16182281205
350336,1278.9867212688882
350337,138.86524396186354
350338,76267.93304921515
350339,11918.18516145886
350340,3838.469012601212
350341,1304.744917598247
350342,165860.12076229524
350343,874628.0470923737
350344,4193.374261236922
350345,29133.829367820006
350346,186.87173461688172
350347,15275.714341615872
350348,92370.33577407856
350349,182800.3012024032
350350,122087.84511839674
350351,284492.7691935192
350352,395906.0703137497
350353,13606.573531932934
350354,6592.059774433021
350355,20236.93594589491
350356,1969.4066802158104
350357,3845.0506690615066
350358,65844.12099438556
350359,13482.081385582522
350360,658285.4481318841
350361,459925.6737301672
350362,210.73009526726287
350363,267.73416841267374
350364,28.019265900219864
350365,1045.915330748103
350366,998.7313552693453
350367,89026.17045896756
350368,11013.081927993717
350369,1199.7706234629675
350370,4002.804116191924
350371,1659.739479526499
350372,515.2339215109628
350373,1581.9223065953256
350374,2399.7126484692903
350375,822656.2545007922
350376,28063.57410874367
350377,1205911.699330255
350378,357800.00740514015
350379,27764.149215885525
350380,12840.776846345168
350381,1695.8253363024178
350382,24176.10378953417
350383,48479.218829977006
350384,85751.94096484705
350385,206570.76536455035
350386,78617.41986541334
350387,374.2712232325557
350388,302137.00964878395
350389,14762.812780312572
350390,228.14623747606947
350391,0.0
350392,19068.423501694233
350393,0.0
350394,0.0
350395,445.48386163322846
350396,50.0449764796564
350397,119090.21395753726
350398,742058.294596794
350399,282791.28898554965
350400,585743.5470686208
350401,26277.9607427253
350402,1231.0005189278636
350403,30978.11529551353
350404,132708.48777842402
350405,519804.88986484567
350406,69.90743532482804
350407,212.0851989601947
350408,200.9958438281334
350409,5269.350524093982
350410,51145.54418421201
350411,17548.151240455663
350412,304.2463408013016
350413,6282.689234488353
350414,187317.87845793978
350415,494563.7711037304
350416,19607.35258518147
350417,34041.15957867149
350418,401613.63971663197
350419,36904.89254429934
350420,90.86586989891686
350421,174844.96278883307
350422,85074.89844149635
350423,222209.230412833
350424,228518.98469414108
350425,2542.8694741063227
350426,1818.73496332393
350427,62035.09146079418
350428,364166.36473086494
350429,26402.991462612583
350430,1434109.380879195
350431,1772.1947567305679
350432,1879.3713386086781
350433,244313.04224315376
350434,138458.760930532
350435,584721.3483227611
350436,641141.0937542164
350437,2220.799014751819
350438,126426.70287731776
350439,112747.37416569203
350440,1257.2161251261375
350441,44940.69823350991
350442,11927.580366748794
350443,178764.65043441672
350444,12503.50931685474
350445,36646.36915683659
350446,18682.941273216038
350447,25826.24695899037
350448,23083.309838721063
350449,340277.661223426
350450,9006.099708503145
350451,29416.087628116613
350452,14107.079572165117
350453,1966.06011349467
350454,55209.01076047081
350455,876.213359467094
350456,27.345220675863857
350457,15164.39630855943
350458,4861.515928204375
350459,7605.8208161016555
350460,4962.828605086996
350461,94577.88398356055
350462,373952.3167392878
350463,1328952.432676618
350464,98244.11270312559
350465,44420.85681771757
350466,28488.738378285598
350467,0.0
350468,62063.75073853007
350469,158.62237392240746
350470,127.44072613992194
350471,3630050.7290480775
350472,479326.8754222042
350473,26403.089110016812
350474,241044.48245778555
350475,447625.5277181913
350476,20196.823624405766
350477,957.0177083716362
350478,44232.91707540319
350479,4607.813989475633
350480,2201.337455796811
350481,22195.41822791127
350482,224238.65155916248
350483,6404.511657865194
350484,190140.8488815067
350485,74104.96079528815
350486,9922.826160758023
350487,216154.98064175303
350488,1656.9185880482569
350489,80330.66129545766
350490,176695.36880301932
350491,161992.2119545826
350492,183576.26653032895
350493,2276.4765401847653
350494,20266.078400144495
350495,15208.245963197223
350496,146739.95314232647
350497,6578.755018346656
350498,90811.13073135904
350499,192699.9215455557
350500,141927.39722530218
350501,64791.159065060565
350502,18426.711379177174
350503,124182.06572300583
350504,9766.70363542058
350505,66828.32432197852
350506,141597.35716315272
350507,66297.8229909974
350508,5830.125002228217
350509,128262.22001973409
350510,145326.1647436244
350511,216697.3663489926
350512,14592.355105943781
350513,102.47876699794004
350514,4244.990645478819
350515,8818.946771599325
350516,19229.524177059262
350517,49934.6502727942
350518,3491.3883954618905
350519,393.3320050083013
350520,20643.113878295564
350521,7915.8174218859385
350522,5663.7671231485565
350523,103293.98693335612
350524,347220.0347613923
350525,39257.81660580071
350526,1562230.9605396963
350527,446462.9489495843
350528,58754.82070817346
350529,201038.7070993943
350530,3092875.5830697967
350531,101707.50338213421
350532,70112.4912522857
350533,916366.6752304791
350534,677475.0706731016
350535,725788.448201261
350536,1377111.0070399474
350537,161056.90724650878
350538,150240.30300683543
350539,2462.9838206089134
350540,5261.664274274874
350541,4.171859531316841
350542,13307.0143052188
350543,106533.02161409544
350544,3759.250875810929
350545,34129.381898167114
350546,517575.09008407727
350547,152334.37600659364
350548,746557.8728257759
350549,352125.527557876
350550,117441.29984832242
350551,76471.25876408571
350552,929.1676674539312
350553,20956.00865556376
350554,315090.15971122624
350555,770752.2602724122
350556,335693.2256296939
350557,21689.87440794739
350558,37672.12202386218
350559,137.43829285335295
350560,23229.920383414305
350561,3531.121227364515
350562,104063.19204355776
350563,162518.57711739515
350564,14800.022171022763
350565,3539.039909156598
350566,823.6308971104553
350567,189941.47295991992
350568,1031342.7424429056
350569,105523.4551282867
350570,3677.798269662537
350571,30290.388260829426
350572,142.84518900719104
350573,59.670601227438326
350574,116693.53065973129
350575,211227.13070492327
350576,146302.5796869871
350577,343334.1558308415
350578,447806.1253465759
350579,15189.81651925081
350580,10932.153533815366
350581,18828.554263685968
350582,1667.1080619171416
350583,1801.941369568298
350584,85248.71903783322
350585,22768.455505292215
350586,774355.4485034412
350587,3480.5023913081063
350588,375.2867278934416
350589,298.2586347912252
350590,13.802756170631199
350591,12.24518484393965
350592,1894.363757091244
350593,1411.5139376403101
350594,102085.8470330004
350595,11851.866526114174
350596,1236.1961869891302
350597,4818.003846253011
350598,1488.565978012212
350599,1825.0097408547647
350600,2692.071159665599
350601,31106.91442237963
350602,1028830.907814913
350603,567927.4444772998
350604,1890733.2050905812
350605,703906.1808468403
350606,34162.54505288058
350607,26020.827348251973
350608,1058.5897737933537
350609,43879.61884872833
350610,93114.49643030037
350611,157640.27340497874
350612,267912.88154001365
350613,87907.60106398338
350614,378616.0972127817
350615,378.1119779600523
350616,23318.313840949737
350617,22091.151471480793
350618,0.0
350619,0.0
350620,609.8606366901693
350621,128.07849806993613
350622,143412.46568298718
350623,907557.7276545336
350624,399727.94460025686
350625,767597.3488697472
350626,31893.954002994597
350627,1017.1009434255702
350628,37295.56327783545
350629,157444.71598443115
350630,174.5960753046288
350631,59.57049431047017
350632,147.40620902400372
350633,253.66812256537594
350634,8306.408042378276
350635,75831.12096714452
350636,25144.131390153998
350637,694338.4487076984
350638,642653.2368298739
350639,261083.81908706244
350640,32031.1183036066
350641,316.0311917058074
350642,7202.617668788839
350643,209000.91817334422
350644,56802.390459346476
350645,1907.698521268781
350646,1594.3974860184699
350647,30373.95108283481
350648,348194.15546603606
350649,32548.36795486453
350650,157255.00506623462
350651,74489.12733690062
350652,165746.46116102432
350653,162654.0477871712
350654,3121.6329357168606
350655,1750.8698214054484
350656,117710.67903532296
350657,128727.79974537494
350658,538972.6890034006
350659,569110.3817827379
350660,2224.6995793697624
350661,119687.3448281578
350662,98045.97716467698
350663,1249.3367873156708
350664,34593.234995170984
350665,11211.463641910024
350666,165213.29203516472
350667,9845.36539282612
350668,20107.22811613369
350669,63567.159906343186
350670,352934.27808329975
350671,302892.7024436529
350672,7643.271699127277
350673,24745.10598637125
350674,11929.78222404348
350675,2213.675121693761
350676,49654.559923718916
350677,1121.4163437371744
350678,128.29279316421963
350679,15723.019302563756
350680,6022.926465233988
350681,25757.795498402236
350682,5016.066418768127
350683,86345.45133030831
350684,310813.90910539636
350685,1073874.3626991543
350686,94456.43700284862
350687,34892.416681673545
350688,26953.53682170058
350689,0.0
350690,54416.36812188593
350691,118.84431564654972
350692,213.78894239421007
350693,3200051.254813591
350694,430404.8249564215
350695,6532.73874242651
350696,1256743.244029995
350697,22922.32918502375
350698,62935.11840608156
350699,16693.720819251153
350700,883.6471048606114
350701,41307.3808314629
350702,3337.9785353590073
350703,1909.3841984179608
350704,21944.44579676274
350705,213042.07247256575
350706,5509.227056820926
350707,173963.22795942315
350708,59606.06518955403
350709,8116.501487369183
350710,204949.03409191535
350711,19777.440438843216
350712,383091.2389809692
350713,153687.22879671573
350714,136613.86391574907
350715,157837.18062174617
350716,1649.5481043638792
350717,17453.304365151416
350718,13223.44452317053
350719,110069.6289561807
350720,8049.011038327437
350721,60623.48536122925
350722,78509.56758113485
350723,162129.6982884055
350724,124580.00418949605
350725,24228.645247490706
350726,436.33446549100955
350727,115017.88093748102
350728,50439.200713162645
350729,5546.368691820404
350730,110126.09928434927
350731,122276.24627383282
350732,201270.45601008672
350733,12119.942485303565
350734,154.16694272021056
350735,4146.817256082939
350736,7976.26761547709
350737,15828.111636760674
350738,38840.0153439928
350739,3258.8096765266737
350740,8972.433091599469
350741,20561.358777613823
350742,8803.157331342918
350743,6761.096555149947
350744,95875.35153024187
350745,325623.15473435435
350746,39937.07202367762
350747,1416465.7178942692
350748,390216.42586295714
350749,45670.56787971923
350750,180240.10513644578
350751,1275.4807571594765
350752,213962.8423103039
350753,2690430.1376957735
350754,41625.91868887141
350755,784683.4904992557
350756,590147.5795950609
350757,636027.6887490753
350758,1143770.0861559196
350759,131824.81419612266
350760,130414.79684361917
350761,2372.196136542764
350762,5806.488150504891
350763,60.62806553967365
350764,13607.684060971325
350765,97554.45178521029
350766,4405.866182326283
350767,65855.98864713497
350768,464108.6161125528
350769,126458.19852527048
350770,650587.8202903218
350771,308561.01444232604
350772,105192.8786048081
350773,69073.6869840531
350774,649.2671341288889
350775,17441.001128500127
350776,286384.6537339541
350777,740811.5916774825
350778,325250.62799505924
350779,17877.92752315702
350780,30828.6629140994
350781,103059.69978097317
350782,19324.437623663238
350783,144656.2698018758
350784,2263.2476091040894
350785,89274.45666307468
350786,13125.951138273764
350787,3862.622703375221
350788,1126.1977603542966
350789,175325.60398031524
350790,923253.6379159301
350791,97794.2049174452
350792,3997.388968213995
350793,27927.792740188794
350794,124.9113360229852
350795,12947.159028850554
350796,194736.56889631427
350797,134123.80157971173
350798,312747.2419988146
350799,418621.03845646145
350800,13918.132946169717
350801,8561.525069395164
350802,17132.32070081265
350803,1736.432802355118
350804,2508.583462231884
350805,73447.67198322128
350806,17016.55043575848
350807,681396.2351980085
350808,30061.432972478735
350809,1493190.2038568223
350810,286.7614408573798
350811,1419.949631076014
350812,1197.4361590812186
350813,88981.8889258687
350814,11371.73747970313
350815,1186.0344547807238
350816,4358.430747323244
350817,1541.1710602927683
350818,1080.0069834859562
350819,2115.1332215380753
350820,2875.3555348193754
350821,917183.7007819536
350822,508193.92892030237
350823,29456.149255089265
350824,513763.52480381716
350825,28705.591464732526
350826,18113.11162262942
350827,1275.3442064571989
350828,33057.80467349026
350829,69564.27065388318
350830,119899.79159187569
350831,230976.7116555341
350832,81775.72888656985
350833,0.0
350834,339641.4124041598
350835,19010.8461431327
350836,19139.96287985473
350837,96.51290637943424
350838,295.5507731335965
350839,20485.097341623114
350840,506.7030189435656
350841,86.13341649202381
350842,128266.81778244374
350843,796647.5778910527
350844,337757.15016538627
350845,667359.3997308813
350846,28451.046648561845
350847,1246.1027143010351
350848,33445.131002120936
350849,599502.339825636
350850,143503.89469652582
350851,212393.09114720376
350852,542915.7783923857
350853,306.50295378127385
350854,89.07923000572514
350855,196.07150386787322
350856,215.1131576086753
350857,6107.199998330775
350858,59593.7972371223
350859,24622.066427502086
350860,20493.43562723774
350861,330.2239595564945
350862,6703.607056039082
350863,34041.15957867149
350864,401613.63971663197
350865,36904.89254429934
350866,90.86586989891686
350867,174844.96278883307
350868,85074.89844149635
350869,222209.230412833
350870,228518.98469414108
350871,2542.8694741063227
350872,1818.73496332393
350873,62035.09146079418
350874,364166.36473086494
350875,26402.991462612583
350876,1434109.380879195
350877,1772.1947567305679
350878,1879.3713386086781
350879,244313.04224315376
350880,138458.760930532
350881,584721.3483227611
350882,641141.0937542164
350883,2220.799014751819
350884,126426.70287731776
350885,112747.37416569203
350886,1257.2161251261375
350887,44940.69823350991
350888,11927.580366748794
350889,178764.65043441672
350890,12503.50931685474
350891,36646.36915683659
350892,18682.941273216038
350893,25826.24695899037
350894,23083.309838721063
350895,340277.661223426
350896,9006.099708503145
350897,29416.087628116613
350898,14107.079572165117
350899,1966.06011349467
350900,55209.01076047081
350901,876.213359467094
350902,27.345220675863857
350903,15164.39630855943
350904,4861.515928204375
350905,7605.8208161016555
350906,4962.828605086996
350907,94577.88398356055
350908,373952.3167392878
350909,1328952.432676618
350910,98244.11270312559
350911,44420.85681771757
350912,28488.738378285598
350913,0.0
350914,62063.75073853007
350915,158.62237392240746
350916,127.44072613992194
350917,3630050.7290480775
350918,479326.8754222042
350919,26403.089110016812
350920,241044.48245778555
350921,447625.5277181913
350922,20196.823624405766
350923,957.0177083716362
350924,44232.91707540319
350925,4607.813989475633
350926,2201.337455796811
350927,22195.41822791127
350928,224238.65155916248
350929,6404.511657865194
350930,190140.8488815067
350931,74104.96079528815
350932,9922.826160758023
350933,216154.98064175303
350934,1656.9185880482569
350935,80330.66129545766
350936,176695.36880301932
350937,161992.2119545826
350938,183576.26653032895
350939,2276.4765401847653
350940,20266.078400144495
350941,15208.245963197223
350942,146739.95314232647
350943,6578.755018346656
350944,90811.13073135904
350945,192699.9215455557
350946,141927.39722530218
350947,64791.159065060565
350948,18426.711379177174
350949,124182.06572300583
350950,9766.70363542058
350951,66828.32432197852
350952,141597.35716315272
350953,66297.8229909974
350954,5830.125002228217
350955,128262.22001973409
350956,145326.1647436244
350957,216697.3663489926
350958,14592.355105943781
350959,102.47876699794004
350960,4244.990645478819
350961,8818.946771599325
350962,19229.524177059262
350963,49934.6502727942
350964,3491.3883954618905
350965,393.3320050083013
350966,20643.113878295564
350967,7915.8174218859385
350968,5663.7671231485565
350969,103293.98693335612
350970,347220.0347613923
350971,39257.81660580071
350972,1562230.9605396963
350973,446462.9489495843
350974,58754.82070817346
350975,201038.7070993943
350976,3092875.5830697967
350977,101707.50338213421
350978,70112.4912522857
350979,916366.6752304791
350980,677475.0706731016
350981,725788.448201261
350982,1377111.0070399474
350983,161056.90724650878
350984,150240.30300683543
350985,2462.9838206089134
350986,5261.664274274874
350987,4.171859531316841
350988,13307.0143052188
350989,106533.02161409544
350990,3759.250875810929
350991,34129.381898167114
350992,517575.09008407727
350993,152334.37600659364
350994,746557.8728257759
350995,352125.527557876
350996,117441.29984832242
350997,76471.25876408571
350998,929.1676674539312
350999,20956.00865556376
351000,315090.15971122624
351001,770752.2602724122
351002,335693.2256296939
351003,21689.87440794739
351004,37672.12202386218
351005,137.43829285335295
351006,23229.920383414305
351007,3531.121227364515
351008,104063.19204355776
351009,162518.57711739515
351010,14800.022171022763
351011,3539.039909156598
351012,823.6308971104553
351013,189941.47295991992
351014,1031342.7424429056
351015,105523.4551282867
351016,3677.798269662537
351017,30290.388260829426
351018,142.84518900719104
351019,59.670601227438326
351020,116693.53065973129
351021,211227.13070492327
351022,146302.5796869871
351023,343334.1558308415
351024,447806.1253465759
351025,15189.81651925081
351026,10932.153533815366
351027,18828.554263685968
351028,1667.1080619171416
351029,1801.941369568298
351030,85248.71903783322
351031,22768.455505292215
351032,774355.4485034412
351033,3480.5023913081063
351034,375.2867278934416
351035,298.2586347912252
351036,13.802756170631199
351037,12.24518484393965
351038,1894.363757091244
351039,1411.5139376403101
351040,102085.8470330004
351041,11851.866526114174
351042,1236.1961869891302
351043,4818.003846253011
351044,1488.565978012212
351045,1825.0097408547647
351046,2692.071159665599
351047,31106.91442237963
351048,1028830.907814913
351049,567927.4444772998
351050,1890733.2050905812
351051,703906.1808468403
351052,34162.54505288058
351053,26020.827348251973
351054,1058.5897737933537
351055,43879.61884872833
351056,93114.49643030037
351057,157640.27340497874
351058,267912.88154001365
351059,87907.60106398338
351060,378616.0972127817
351061,378.1119779600523
351062,23318.313840949737
351063,22091.151471480793
351064,0.0
351065,0.0
351066,609.8606366901693
351067,128.07849806993613
351068,143412.46568298718
351069,907557.7276545336
351070,399727.94460025686
351071,767597.3488697472
351072,31893.954002994597
351073,1017.1009434255702
351074,37295.56327783545
351075,157444.71598443115
351076,174.5960753046288
351077,59.57049431047017
351078,147.40620902400372
351079,253.66812256537594
351080,8306.408042378276
351081,75831.12096714452
351082,25144.131390153998
351083,694338.4487076984
351084,642653.2368298739
351085,261083.81908706244
351086,32031.1183036066
351087,316.0311917058074
351088,7202.617668788839
351089,209000.91817334422
351090,56802.390459346476
351091,1907.698521268781
351092,1594.3974860184699
351093,30373.95108283481
351094,348194.15546603606
351095,32548.36795486453
351096,157255.00506623462
351097,74489.12733690062
351098,165746.46116102432
351099,162654.0477871712
351100,3121.6329357168606
351101,1750.8698214054484
351102,117710.67903532296
351103,128727.79974537494
351104,538972.6890034006
351105,569110.3817827379
351106,2224.6995793697624
351107,119687.3448281578
351108,98045.97716467698
351109,1249.3367873156708
351110,34593.234995170984
351111,11211.463641910024
351112,165213.29203516472
351113,9845.36539282612
351114,20107.22811613369
351115,63567.159906343186
351116,352934.27808329975
351117,302892.7024436529
351118,7643.271699127277
351119,24745.10598637125
351120,11929.78222404348
351121,2213.675121693761
351122,49654.559923718916
351123,1121.4163437371744
351124,128.29279316421963
351125,15723.019302563756
351126,6022.926465233988
351127,25757.795498402236
351128,5016.066418768127
351129,86345.45133030831
351130,310813.90910539636
351131,1073874.3626991543
351132,94456.43700284862
351133,34892.416681673545
351134,26953.53682170058
351135,0.0
351136,54416.36812188593
351137,118.84431564654972
351138,213.78894239421007
351139,3200051.254813591
351140,430404.8249564215
351141,6532.73874242651
351142,1256743.244029995
351143,22922.32918502375
351144,62935.11840608156
351145,16693.720819251153
351146,883.6471048606114
351147,41307.3808314629
351148,3337.9785353590073
351149,1909.3841984179608
351150,21944.44579676274
351151,213042.07247256575
351152,5509.227056820926
351153,173963.22795942315
351154,59606.06518955403
351155,8116.501487369183
351156,204949.03409191535
351157,19777.440438843216
351158,383091.2389809692
351159,153687.22879671573
351160,136613.86391574907
351161,157837.18062174617
351162,1649.5481043638792
351163,17453.304365151416
351164,13223.44452317053
351165,110069.6289561807
351166,8049.011038327437
351167,60623.48536122925
351168,78509.56758113485
351169,162129.6982884055
351170,124580.00418949605
351171,24228.645247490706
351172,436.33446549100955
351173,115017.88093748102
351174,50439.200713162645
351175,5546.368691820404
351176,110126.09928434927
351177,122276.24627383282
351178,201270.45601008672
351179,12119.942485303565
351180,154.16694272021056
351181,4146.817256082939
351182,7976.26761547709
351183,15828.111636760674
351184,38840.0153439928
351185,3258.8096765266737
351186,8972.433091599469
351187,20561.358777613823
351188,8803.157331342918
351189,6761.096555149947
351190,95875.35153024187
351191,325623.15473435435
351192,39937.07202367762
351193,1416465.7178942692
351194,390216.42586295714
351195,45670.56787971923
351196,180240.10513644578
351197,1275.4807571594765
351198,213962.8423103039
351199,2690430.1376957735
351200,41625.91868887141
351201,784683.4904992557
351202,590147.5795950609
351203,636027.6887490753
351204,1143770.0861559196
351205,131824.81419612266
351206,130414.79684361917
351207,2372.196136542764
351208,5806.488150504891
351209,60.62806553967365
351210,13607.684060971325
351211,97554.45178521029
351212,4405.866182326283
351213,65855.98864713497
351214,464108.6161125528
351215,126458.19852527048
351216,650587.8202903218
351217,308561.01444232604
351218,105192.8786048081
351219,69073.6869840531
351220,649.2671341288889
351221,17441.001128500127
351222,286384.6537339541
351223,740811.5916774825
351224,325250.62799505924
351225,17877.92752315702
351226,30828.6629140994
351227,103059.69978097317
351228,19324.437623663238
351229,144656.2698018758
351230,2263.2476091040894
351231,89274.45666307468
351232,13125.951138273764
351233,3862.622703375221
351234,1126.1977603542966
351235,175325.60398031524
351236,923253.6379159301
351237,97794.2049174452
351238,3997.388968213995
351239,27927.792740188794
351240,124.9113360229852
351241,12947.159028850554
351242,194736.56889631427
351243,134123.80157971173
351244,312747.2419988146
351245,418621.03845646145
351246,13918.132946169717
351247,8561.525069395164
351248,17132.32070081265
351249,1736.432802355118
351250,2508.583462231884
351251,73447.67198322128
351252,17016.55043575848
351253,681396.2351980085
351254,30061.432972478735
351255,1493190.2038568223
351256,286.7614408573798
351257,1419.949631076014
351258,1197.4361590812186
351259,88981.8889258687
351260,11371.73747970313
351261,1186.0344547807238
351262,4358.430747323244
351263,1541.1710602927683
351264,1080.0069834859562
351265,2115.1332215380753
351266,2875.3555348193754
351267,917183.7007819536
351268,508193.92892030237
351269,29456.149255089265
351270,513763.52480381716
351271,28705.591464732526
351272,18113.11162262942
351273,1275.3442064571989
351274,33057.80467349026
351275,69564.27065388318
351276,119899.79159187569
351277,230976.7116555341
351278,81775.72888656985
351279,0.0
351280,339641.4124041598
351281,19010.8461431327
351282,19139.96287985473
351283,96.51290637943424
351284,295.5507731335965
351285,20485.097341623114
351286,506.7030189435656
351287,86.13341649202381
351288,128266.81778244374
351289,796647.5778910527
351290,337757.15016538627
351291,667359.3997308813
351292,28451.046648561845
351293,1246.1027143010351
351294,33445.131002120936
351295,599502.339825636
351296,143503.89469652582
351297,212393.09114720376
351298,542915.7783923857
351299,306.50295378127385
351300,89.07923000572514
351301,196.07150386787322
351302,215.1131576086753
351303,6107.199998330775
351304,59593.7972371223
351305,24622.066427502086
351306,20493.43562723774
351307,330.2239595564945
351308,6703.607056039082
351309,209000.91817334422
351310,56802.390459346476
351311,1907.698521268781
351312,1594.3974860184699
351313,30373.95108283481
351314,348194.15546603606
351315,32548.36795486453
351316,157255.00506623462
351317,74489.12733690062
351318,165746.46116102432
351319,162654.0477871712
351320,3121.6329357168606
351321,1750.8698214054484
351322,117710.67903532296
351323,128727.79974537494
351324,538972.6890034006
351325,569110.3817827379
351326,2224.6995793697624
351327,119687.3448281578
351328,98045.97716467698
351329,1249.3367873156708
351330,34593.234995170984
351331,11211.463641910024
351332,165213.29203516472
351333,9845.36539282612
351334,20107.22811613369
351335,63567.159906343186
351336,352934.27808329975
351337,302892.7024436529
351338,7643.271699127277
351339,24745.10598637125
351340,11929.78222404348
351341,2213.675121693761
351342,49654.559923718916
351343,1121.4163437371744
351344,128.29279316421963
351345,15723.019302563756
351346,6022.926465233988
351347,25757.795498402236
351348,5016.066418768127
351349,86345.45133030831
351350,310813.90910539636
351351,1073874.3626991543
351352,94456.43700284862
351353,34892.416681673545
351354,26953.53682170058
351355,0.0
351356,54416.36812188593
351357,118.84431564654972
351358,213.78894239421007
351359,3200051.254813591
351360,430404.8249564215
351361,6532.73874242651
351362,1256743.244029995
351363,22922.32918502375
351364,62935.11840608156
351365,16693.720819251153
351366,883.6471048606114
351367,41307.3808314629
351368,3337.9785353590073
351369,1909.3841984179608
351370,21944.44579676274
351371,213042.07247256575
351372,5509.227056820926
351373,173963.22795942315
351374,59606.06518955403
351375,8116.501487369183
351376,204949.03409191535
351377,19777.440438843216
351378,383091.2389809692
351379,153687.22879671573
351380,136613.86391574907
351381,157837.18062174617
351382,1649.5481043638792
351383,17453.304365151416
351384,13223.44452317053
351385,110069.6289561807
351386,8049.011038327437
351387,60623.48536122925
351388,78509.56758113485
351389,162129.6982884055
351390,124580.00418949605
351391,24228.645247490706
351392,436.33446549100955
351393,115017.88093748102
351394,50439.200713162645
351395,5546.368691820404
351396,110126.09928434927
351397,122276.24627383282
351398,201270.45601008672
351399,12119.942485303565
351400,154.16694272021056
351401,4146.817256082939
351402,7976.26761547709
351403,15828.111636760674
351404,38840.0153439928
351405,3258.8096765266737
351406,8972.433091599469
351407,20561.358777613823
351408,8803.157331342918
351409,6761.096555149947
351410,95875.35153024187
351411,325623.15473435435
351412,39937.07202367762
351413,1416465.7178942692
351414,390216.42586295714
351415,45670.56787971923
351416,180240.10513644578
351417,1275.4807571594765
351418,213962.8423103039
351419,2690430.1376957735
351420,41625.91868887141
351421,784683.4904992557
351422,590147.5795950609
351423,636027.6887490753
351424,1143770.0861559196
351425,131824.81419612266
351426,130414.79684361917
351427,2372.196136542764
351428,5806.488150504891
351429,60.62806553967365
351430,13607.684060971325
351431,97554.45178521029
351432,4405.866182326283
351433,65855.98864713497
351434,464108.6161125528
351435,126458.19852527048
351436,650587.8202903218
351437,308561.01444232604
351438,105192.8786048081
351439,69073.6869840531
351440,649.2671341288889
351441,17441.001128500127
351442,286384.6537339541
351443,740811.5916774825
351444,325250.62799505924
351445,17877.92752315702
351446,30828.6629140994
351447,103059.69978097317
351448,19324.437623663238
351449,144656.2698018758
351450,2263.2476091040894
351451,89274.45666307468
351452,13125.951138273764
351453,3862.622703375221
351454,1126.1977603542966
351455,175325.60398031524
351456,923253.6379159301
351457,97794.2049174452
351458,3997.388968213995
351459,27927.792740188794
351460,124.9113360229852
351461,12947.159028850554
351462,194736.56889631427
351463,134123.80157971173
351464,312747.2419988146
351465,418621.03845646145
351466,13918.132946169717
351467,8561.525069395164
351468,17132.32070081265
351469,1736.432802355118
351470,2508.583462231884
351471,73447.67198322128
351472,17016.55043575848
351473,681396.2351980085
351474,30061.432972478735
351475,1493190.2038568223
351476,286.7614408573798
351477,1419.949631076014
351478,1197.4361590812186
351479,88981.8889258687
351480,11371.73747970313
351481,1186.0344547807238
351482,4358.430747323244
351483,1541.1710602927683
351484,1080.0069834859562
351485,2115.1332215380753
351486,2875.3555348193754
351487,917183.7007819536
351488,508193.92892030237
351489,29456.149255089265
351490,513763.52480381716
351491,28705.591464732526
351492,18113.11162262942
351493,1275.3442064571989
351494,33057.80467349026
351495,69564.27065388318
351496,119899.79159187569
351497,230976.7116555341
351498,81775.72888656985
351499,0.0
351500,339641.4124041598
351501,19010.8461431327
351502,19139.96287985473
351503,96.51290637943424
351504,295.5507731335965
351505,20485.097341623114
351506,506.7030189435656
351507,86.13341649202381
351508,128266.81778244374
351509,796647.5778910527
351510,337757.15016538627
351511,667359.3997308813
351512,28451.046648561845
351513,1246.1027143010351
351514,33445.131002120936
351515,599502.339825636
351516,143503.89469652582
351517,212393.09114720376
351518,542915.7783923857
351519,306.50295378127385
351520,89.07923000572514
351521,196.07150386787322
351522,215.1131576086753
351523,6107.199998330775
351524,59593.7972371223
351525,24622.066427502086
351526,20493.43562723774
351527,330.2239595564945
351528,6703.607056039082
