Num,y
348622,1480.9635912252597
348623,27241.65528074006
348624,299651.71532984945
348625,28998.745490866488
348626,0.0
348627,147205.77164458003
348628,68446.12613872995
348629,111795.30219698476
348630,102204.00987274796
348631,2979.6606240779547
348632,1449.592357619551
348633,55034.74058290694
348634,288074.80285185657
348635,21219.961740880775
348636,1886.4832902538021
348637,179550.93381217148
348638,121843.24116723283
348639,500953.99065321696
348640,501539.17402392975
348641,2308.7799767976644
348642,114477.51492055968
348643,84652.08585703882
348644,1243.1201802070486
348645,24427.446054788816
348646,10698.788820726266
348647,151867.93255781799
348648,7615.004829648244
348649,19079.765778999354
348650,6348.37179900712
348651,23656.61888982229
348652,16706.7602722518
348653,281192.73719555367
348654,8296.08044135624
348655,23296.65662183794
348656,10516.352559258203
348657,2606.477221753499
348658,44575.16488026447
348659,2027.7557237530336
348660,186.50162996791778
348661,16403.47774362587
348662,7335.384950876886
348663,17891.782117921262
348664,1245610.7772219274
348665,79171.98003841563
348666,342342.0923047315
348667,917090.6454031123
348668,100456.74588471506
348669,27419.039214619595
348670,25609.08970532058
348671,0.0
348672,47450.46961570384
348673,76.26680254075404
348674,229.2742318334491
348675,2763493.9553806614
348676,384883.3962179303
348677,5969.7681743298745
348678,46811.087922011015
348679,344880.6026539365
348680,15083.761820065589
348681,754.0250121326362
348682,38262.423271885295
348683,2090.4753613667062
348684,1650.202696146866
348685,20988.810320416495
348686,191496.51302771474
348687,6427.791789012077
348688,150794.92909819327
348689,42199.12739131925
348690,7469.310754190201
348691,196039.18588712355
348692,14335.564805749375
348693,188434.11593082675
348694,136432.579337943
348695,119639.01512747243
348696,132849.28556131234
348697,97169.3778812407
348698,1233.409096906049
348699,15659.825294769842
348700,11803.25565624843
348701,87236.6518161664
348702,9280.629093253609
348703,57305.99551964404
348704,71704.12872293728
348705,151047.1711326733
348706,117925.47073798973
348707,28087.003398361976
348708,8359.810595394234
348709,61439.04766719001
348710,93581.41967116915
348711,37584.990640687174
348712,5618.936194715755
348713,94533.10877836884
348714,101972.07412636459
348715,186380.70305993618
348716,10543.16725556536
348717,206.14328883382336
348718,4057.3372866751088
348719,6706.576074254564
348720,13910.743277784255
348721,106490.24342037394
348722,3140.947116399773
348723,449.7152201598798
348724,19286.69734424395
348725,6457.371258139472
348726,4662.182755618325
348727,80130.46157861238
348728,305715.8691873632
348729,33397.326805332275
348730,1272052.1871635702
348731,336910.06248719076
348732,33630.01678667975
348733,163365.33564834704
348734,878.9302945165614
348735,2499412.134258708
348736,41243.234394854546
348737,21481.464364419895
348738,704320.3512470442
348739,563815.9141443442
348740,600280.8356778747
348741,1049421.2316568762
348742,113455.72278669762
348743,115499.04577957379
348744,2296.481944106163
348745,6162.000313241488
348746,0.0
348747,13809.848551673014
348748,93828.19572546572
348749,4978.40599927582
348750,28829.466564230537
348751,431882.99245448085
348752,105382.00001368258
348753,568837.7542997977
348754,265567.231661723
348755,93329.69401730492
348756,63018.45732840899
348757,567.2061579708961
348758,14342.665176835297
348759,261287.73185060744
348760,716794.6431097079
348761,316782.7401069305
348762,14853.171521580516
348763,25667.421100821746
348764,131.11362922379868
348765,8425.596208499966
348766,131524.16182281205
348767,1278.9867212688882
348768,138.86524396186354
348769,76267.93304921515
348770,11918.18516145886
348771,3838.469012601212
348772,1304.744917598247
348773,165860.12076229524
348774,874628.0470923737
348775,4193.374261236922
348776,29133.829367820006
348777,186.87173461688172
348778,15275.714341615872
348779,92370.33577407856
348780,182800.3012024032
348781,122087.84511839674
348782,284492.7691935192
348783,395906.0703137497
348784,13606.573531932934
348785,6592.059774433021
348786,20236.93594589491
348787,1969.4066802158104
348788,3845.0506690615066
348789,65844.12099438556
348790,13482.081385582522
348791,658285.4481318841
348792,459925.6737301672
348793,210.73009526726287
348794,267.73416841267374
348795,28.019265900219864
348796,1045.915330748103
348797,998.7313552693453
348798,89026.17045896756
348799,11013.081927993717
348800,1199.7706234629675
348801,4002.804116191924
348802,1659.739479526499
348803,515.2339215109628
348804,1581.9223065953256
348805,2399.7126484692903
348806,822656.2545007922
348807,28063.57410874367
348808,1205911.699330255
348809,357800.00740514015
348810,27764.149215885525
348811,12840.776846345168
348812,1695.8253363024178
348813,24176.10378953417
348814,48479.218829977006
348815,85751.94096484705
348816,206570.76536455035
348817,78617.41986541334
348818,374.2712232325557
348819,302137.00964878395
348820,14762.812780312572
348821,228.14623747606947
348822,0.0
348823,19068.423501694233
348824,0.0
348825,0.0
348826,445.48386163322846
348827,50.0449764796564
348828,119090.21395753726
348829,742058.294596794
348830,282791.28898554965
348831,585743.5470686208
348832,26277.9607427253
348833,1231.0005189278636
348834,30978.11529551353
348835,132708.48777842402
348836,519804.88986484567
348837,69.90743532482804
348838,212.0851989601947
348839,200.9958438281334
348840,5269.350524093982
348841,51145.54418421201
348842,17548.151240455663
348843,304.2463408013016
348844,6282.689234488353
348845,187317.87845793978
348846,494563.7711037304
348847,19607.35258518147
349519,1480.9635912252597
349520,27241.65528074006
349521,299651.71532984945
349522,28998.745490866488
349523,0.0
349524,147205.77164458003
349525,68446.12613872995
349526,111795.30219698476
349527,102204.00987274796
349528,2979.6606240779547
349529,1449.592357619551
349530,55034.74058290694
349531,288074.80285185657
349532,21219.961740880775
349533,1886.4832902538021
349534,179550.93381217148
349535,121843.24116723283
349536,500953.99065321696
349537,501539.17402392975
349538,2308.7799767976644
349539,114477.51492055968
349540,84652.08585703882
349541,1243.1201802070486
349542,24427.446054788816
349543,10698.788820726266
349544,151867.93255781799
349545,7615.004829648244
349546,19079.765778999354
349547,6348.37179900712
349548,23656.61888982229
349549,16706.7602722518
349550,281192.73719555367
349551,8296.08044135624
349552,23296.65662183794
349553,10516.352559258203
349554,2606.477221753499
349555,44575.16488026447
349556,2027.7557237530336
349557,186.50162996791778
349558,16403.47774362587
349559,7335.384950876886
349560,17891.782117921262
349561,1245610.7772219274
349562,79171.98003841563
349563,342342.0923047315
349564,917090.6454031123
349565,100456.74588471506
349566,27419.039214619595
349567,25609.08970532058
349568,0.0
349569,47450.46961570384
349570,76.26680254075404
349571,229.2742318334491
349572,2763493.9553806614
349573,384883.3962179303
349574,5969.7681743298745
349575,46811.087922011015
349576,344880.6026539365
349577,15083.761820065589
349578,754.0250121326362
349579,38262.423271885295
349580,2090.4753613667062
349581,1650.202696146866
349582,20988.810320416495
349583,191496.51302771474
349584,6427.791789012077
349585,150794.92909819327
349586,42199.12739131925
349587,7469.310754190201
349588,196039.18588712355
349589,14335.564805749375
349590,188434.11593082675
349591,136432.579337943
349592,119639.01512747243
349593,132849.28556131234
349594,97169.3778812407
349595,1233.409096906049
349596,15659.825294769842
349597,11803.25565624843
349598,87236.6518161664
349599,9280.629093253609
349600,57305.99551964404
349601,71704.12872293728
349602,151047.1711326733
349603,117925.47073798973
349604,28087.003398361976
349605,8359.810595394234
349606,61439.04766719001
349607,93581.41967116915
349608,37584.990640687174
349609,5618.936194715755
349610,94533.10877836884
349611,101972.07412636459
349612,186380.70305993618
349613,10543.16725556536
349614,206.14328883382336
349615,4057.3372866751088
349616,6706.576074254564
349617,13910.743277784255
349618,106490.24342037394
349619,3140.947116399773
349620,449.7152201598798
349621,19286.69734424395
349622,6457.371258139472
349623,4662.182755618325
349624,80130.46157861238
349625,305715.8691873632
349626,33397.326805332275
349627,1272052.1871635702
349628,336910.06248719076
349629,33630.01678667975
349630,163365.33564834704
349631,878.9302945165614
349632,2499412.134258708
349633,41243.234394854546
349634,21481.464364419895
349635,704320.3512470442
349636,563815.9141443442
349637,600280.8356778747
349638,1049421.2316568762
349639,113455.72278669762
349640,115499.04577957379
349641,2296.481944106163
349642,6162.000313241488
349643,0.0
349644,13809.848551673014
349645,93828.19572546572
349646,4978.40599927582
349647,28829.466564230537
349648,431882.99245448085
349649,105382.00001368258
349650,568837.7542997977
349651,265567.231661723
349652,93329.69401730492
349653,63018.45732840899
349654,567.2061579708961
349655,14342.665176835297
349656,261287.73185060744
349657,716794.6431097079
349658,316782.7401069305
349659,14853.171521580516
349660,25667.421100821746
349661,131.11362922379868
349662,8425.596208499966
349663,131524.16182281205
349664,1278.9867212688882
349665,138.86524396186354
349666,76267.93304921515
349667,11918.18516145886
349668,3838.469012601212
349669,1304.744917598247
349670,165860.12076229524
349671,874628.0470923737
349672,4193.374261236922
349673,29133.829367820006
349674,186.87173461688172
349675,15275.714341615872
349676,92370.33577407856
349677,182800.3012024032
349678,122087.84511839674
349679,284492.7691935192
349680,395906.0703137497
349681,13606.573531932934
349682,6592.059774433021
349683,20236.93594589491
349684,1969.4066802158104
349685,3845.0506690615066
349686,65844.12099438556
349687,13482.081385582522
349688,658285.4481318841
349689,459925.6737301672
349690,210.73009526726287
349691,267.73416841267374
349692,28.019265900219864
349693,1045.915330748103
349694,998.7313552693453
349695,89026.17045896756
349696,11013.081927993717
349697,1199.7706234629675
349698,4002.804116191924
349699,1659.739479526499
349700,515.2339215109628
349701,1581.9223065953256
349702,2399.7126484692903
349703,822656.2545007922
349704,28063.57410874367
349705,1205911.699330255
349706,357800.00740514015
349707,27764.149215885525
349708,12840.776846345168
349709,1695.8253363024178
349710,24176.10378953417
349711,48479.218829977006
349712,85751.94096484705
349713,206570.76536455035
349714,78617.41986541334
349715,374.2712232325557
349716,302137.00964878395
349717,14762.812780312572
349718,228.14623747606947
349719,0.0
349720,19068.423501694233
349721,0.0
349722,0.0
349723,445.48386163322846
349724,50.0449764796564
349725,119090.21395753726
349726,742058.294596794
349727,282791.28898554965
349728,585743.5470686208
349729,26277.9607427253
349730,1231.0005189278636
349731,30978.11529551353
349732,132708.48777842402
349733,519804.88986484567
349734,69.90743532482804
349735,212.0851989601947
349736,200.9958438281334
349737,5269.350524093982
349738,51145.54418421201
349739,17548.151240455663
349740,304.2463408013016
349741,6282.689234488353
349742,187317.87845793978
349743,494563.7711037304
349744,19607.35258518147
349745,34041.15957867149
349746,401613.63971663197
349747,36904.89254429934
349748,0.0
349749,174844.96278883307
349750,85074.89844149635
349751,222209.230412833
349752,228518.98469414108
349753,2542.8694741063227
349754,1818.73496332393
349755,62035.09146079418
349756,364166.36473086494
349757,26402.991462612583
349758,1434109.380879195
349759,1772.1947567305679
349760,1879.3713386086781
349761,244313.04224315376
349762,138458.760930532
349763,584721.3483227611
349764,641141.0937542164
349765,2220.799014751819
349766,126426.70287731776
349767,112747.37416569203
349768,1257.2161251261375
349769,44940.69823350991
349770,11927.580366748794
349771,178764.65043441672
349772,12503.50931685474
349773,36646.36915683659
349774,18682.941273216038
349775,25826.24695899037
349776,23083.309838721063
349777,340277.661223426
349778,9006.099708503145
349779,29416.087628116613
349780,14107.079572165117
349781,1966.06011349467
349782,55209.01076047081
349783,876.213359467094
349784,27.345220675863857
349785,15164.39630855943
349786,4861.515928204375
349787,7605.8208161016555
349788,4962.828605086996
349789,94577.88398356055
349790,373952.3167392878
349791,1328952.432676618
349792,98244.11270312559
349793,44420.85681771757
349794,28488.738378285598
349795,0.0
349796,62063.75073853007
349797,158.62237392240746
349798,127.44072613992194
349799,3630050.7290480775
349800,479326.8754222042
349801,26403.089110016812
349802,241044.48245778555
349803,447625.5277181913
349804,20196.823624405766
349805,957.0177083716362
349806,44232.91707540319
349807,4607.813989475633
349808,2201.337455796811
349809,22195.41822791127
349810,224238.65155916248
349811,6404.511657865194
349812,190140.8488815067
349813,74104.96079528815
349814,9922.826160758023
349815,216154.98064175303
349816,1656.9185880482569
349817,80330.66129545766
349818,176695.36880301932
349819,161992.2119545826
349820,183576.26653032895
349821,2276.4765401847653
349822,20266.078400144495
349823,15208.245963197223
349824,146739.95314232647
349825,6578.755018346656
349826,90811.13073135904
349827,192699.9215455557
349828,141927.39722530218
349829,64791.159065060565
349830,18426.711379177174
349831,124182.06572300583
349832,9766.70363542058
349833,66828.32432197852
349834,141597.35716315272
349835,66297.8229909974
349836,5830.125002228217
349837,128262.22001973409
349838,145326.1647436244
349839,216697.3663489926
349840,14592.355105943781
349841,102.47876699794004
349842,4244.990645478819
349843,8818.946771599325
349844,19229.524177059262
349845,49934.6502727942
349846,3491.3883954618905
349847,393.3320050083013
349848,20643.113878295564
349849,7915.8174218859385
349850,5663.7671231485565
349851,103293.98693335612
349852,347220.0347613923
349853,39257.81660580071
349854,1562230.9605396963
349855,446462.9489495843
349856,58754.82070817346
349857,201038.7070993943
349858,3092875.5830697967
349859,101707.50338213421
349860,70112.4912522857
349861,916366.6752304791
349862,677475.0706731016
349863,725788.448201261
349864,1377111.0070399474
349865,161056.90724650878
349866,150240.30300683543
349867,2462.9838206089134
349868,5261.664274274874
349869,4.171859531316841
349870,13307.0143052188
349871,106533.02161409544
349872,3759.250875810929
349873,34129.381898167114
349874,517575.09008407727
349875,152334.37600659364
349876,746557.8728257759
349877,352125.527557876
349878,117441.29984832242
349879,76471.25876408571
349880,929.1676674539312
349881,20956.00865556376
349882,315090.15971122624
349883,770752.2602724122
349884,335693.2256296939
349885,21689.87440794739
349886,37672.12202386218
349887,137.43829285335295
349888,23229.920383414305
349889,3531.121227364515
349890,104063.19204355776
349891,162518.57711739515
349892,14800.022171022763
349893,3539.039909156598
349894,823.6308971104553
349895,189941.47295991992
349896,1031342.7424429056
349897,105523.4551282867
349898,3677.798269662537
349899,30290.388260829426
349900,0.0
349901,313.6849820975459
349902,116693.53065973129
349903,211227.13070492327
349904,146302.5796869871
349905,343334.1558308415
349906,447806.1253465759
349907,15189.81651925081
349908,10932.153533815366
349909,18828.554263685968
349910,1667.1080619171416
349911,1801.941369568298
349912,85248.71903783322
349913,22768.455505292215
349914,774355.4485034412
349915,3480.5023913081063
349916,375.2867278934416
349917,298.2586347912252
349918,0.0
349919,46.4529161323978
349920,1894.363757091244
349921,1411.5139376403101
349922,102085.8470330004
349923,11851.866526114174
349924,1236.1961869891302
349925,4818.003846253011
349926,1488.565978012212
349927,1825.0097408547647
349928,2692.071159665599
349929,31106.91442237963
349930,1028830.907814913
349931,567927.4444772998
349932,1890733.2050905812
349933,703906.1808468403
349934,34162.54505288058
349935,26020.827348251973
349936,1058.5897737933537
349937,43879.61884872833
349938,93114.49643030037
349939,157640.27340497874
349940,267912.88154001365
349941,87907.60106398338
349942,378616.0972127817
349943,378.1119779600523
349944,23318.313840949737
349945,22091.151471480793
349946,0.0
349947,0.0
349948,609.8606366901693
349949,128.07849806993613
349950,143412.46568298718
349951,907557.7276545336
349952,399727.94460025686
349953,767597.3488697472
349954,31893.954002994597
349955,1017.1009434255702
349956,37295.56327783545
349957,157444.71598443115
349958,174.5960753046288
349959,59.57049431047017
349960,147.40620902400372
349961,253.66812256537594
349962,8306.408042378276
349963,75831.12096714452
349964,25144.131390153998
349965,694338.4487076984
349966,642653.2368298739
349967,261083.81908706244
349968,32031.1183036066
349969,316.0311917058074
349970,7202.617668788839
350191,1480.9635912252597
350192,27241.65528074006
350193,299651.71532984945
350194,28998.745490866488
350195,0.0
350196,147205.77164458003
350197,68446.12613872995
350198,111795.30219698476
350199,102204.00987274796
350200,2979.6606240779547
350201,1449.592357619551
350202,55034.74058290694
350203,288074.80285185657
350204,21219.961740880775
350205,1886.4832902538021
350206,179550.93381217148
350207,121843.24116723283
350208,500953.99065321696
350209,501539.17402392975
350210,2308.7799767976644
350211,114477.51492055968
350212,84652.08585703882
350213,1243.1201802070486
350214,24427.446054788816
350215,10698.788820726266
350216,151867.93255781799
350217,7615.004829648244
350218,19079.765778999354
350219,6348.37179900712
350220,23656.61888982229
350221,16706.7602722518
350222,281192.73719555367
350223,8296.08044135624
350224,23296.65662183794
350225,10516.352559258203
350226,2606.477221753499
350227,44575.16488026447
350228,2027.7557237530336
350229,186.50162996791778
350230,16403.47774362587
350231,7335.384950876886
350232,17891.782117921262
350233,1245610.7772219274
350234,79171.98003841563
350235,342342.0923047315
350236,917090.6454031123
350237,100456.74588471506
350238,27419.039214619595
350239,25609.08970532058
350240,0.0
350241,47450.46961570384
350242,76.26680254075404
350243,229.2742318334491
350244,2763493.9553806614
350245,384883.3962179303
350246,5969.7681743298745
350247,46811.087922011015
350248,344880.6026539365
350249,15083.761820065589
350250,754.0250121326362
350251,38262.423271885295
350252,2090.4753613667062
350253,1650.202696146866
350254,20988.810320416495
350255,191496.51302771474
350256,6427.791789012077
350257,150794.92909819327
350258,42199.12739131925
350259,7469.310754190201
350260,196039.18588712355
350261,14335.564805749375
350262,188434.11593082675
350263,136432.579337943
350264,119639.01512747243
350265,132849.28556131234
350266,97169.3778812407
350267,1233.409096906049
350268,15659.825294769842
350269,11803.25565624843
350270,87236.6518161664
350271,9280.629093253609
350272,57305.99551964404
350273,71704.12872293728
350274,151047.1711326733
350275,117925.47073798973
350276,28087.003398361976
350277,8359.810595394234
350278,61439.04766719001
350279,93581.41967116915
350280,37584.990640687174
350281,5618.936194715755
350282,94533.10877836884
350283,101972.07412636459
350284,186380.70305993618
350285,10543.16725556536
350286,206.14328883382336
350287,4057.3372866751088
350288,6706.576074254564
350289,13910.743277784255
350290,106490.24342037394
350291,3140.947116399773
350292,449.7152201598798
350293,19286.69734424395
350294,6457.371258139472
350295,4662.182755618325
350296,80130.46157861238
350297,305715.8691873632
350298,33397.326805332275
350299,1272052.1871635702
350300,336910.06248719076
350301,33630.01678667975
350302,163365.33564834704
350303,878.9302945165614
350304,2499412.134258708
350305,41243.234394854546
350306,21481.464364419895
350307,704320.3512470442
350308,563815.9141443442
350309,600280.8356778747
350310,1049421.2316568762
350311,113455.72278669762
350312,115499.04577957379
350313,2296.481944106163
350314,6162.000313241488
350315,0.0
350316,13809.848551673014
350317,93828.19572546572
350318,4978.40599927582
350319,28829.466564230537
350320,431882.99245448085
350321,105382.00001368258
350322,568837.7542997977
350323,265567.231661723
350324,93329.69401730492
350325,63018.45732840899
350326,567.2061579708961
350327,14342.665176835297
350328,261287.73185060744
350329,716794.6431097079
350330,316782.7401069305
350331,14853.171521580516
350332,25667.421100821746
350333,131.11362922379868
350334,8425.596208499966
350335,131524.16182281205
350336,1278.9867212688882
350337,138.86524396186354
350338,76267.93304921515
350339,11918.18516145886
350340,3838.469012601212
350341,1304.744917598247
350342,165860.12076229524
350343,874628.0470923737
350344,4193.374261236922
350345,29133.829367820006
350346,186.87173461688172
350347,15275.714341615872
350348,92370.33577407856
350349,182800.3012024032
350350,122087.84511839674
350351,284492.7691935192
350352,395906.0703137497
350353,13606.573531932934
350354,6592.059774433021
350355,20236.93594589491
350356,1969.4066802158104
350357,3845.0506690615066
350358,65844.12099438556
350359,13482.081385582522
350360,658285.4481318841
350361,459925.6737301672
350362,210.73009526726287
350363,267.73416841267374
350364,28.019265900219864
350365,1045.915330748103
350366,998.7313552693453
350367,89026.17045896756
350368,11013.081927993717
350369,1199.7706234629675
350370,4002.804116191924
350371,1659.739479526499
350372,515.2339215109628
350373,1581.9223065953256
350374,2399.7126484692903
350375,822656.2545007922
350376,28063.57410874367
350377,1205911.699330255
350378,357800.00740514015
350379,27764.149215885525
350380,12840.776846345168
350381,1695.8253363024178
350382,24176.10378953417
350383,48479.218829977006
350384,85751.94096484705
350385,206570.76536455035
350386,78617.41986541334
350387,374.2712232325557
350388,302137.00964878395
350389,14762.812780312572
350390,228.14623747606947
350391,0.0
350392,19068.423501694233
350393,0.0
350394,0.0
350395,445.48386163322846
350396,50.0449764796564
350397,119090.21395753726
350398,742058.294596794
350399,282791.28898554965
350400,585743.5470686208
350401,26277.9607427253
350402,1231.0005189278636
350403,30978.11529551353
350404,132708.48777842402
350405,519804.88986484567
350406,69.90743532482804
350407,212.0851989601947
350408,200.9958438281334
350409,5269.350524093982
350410,51145.54418421201
350411,17548.151240455663
350412,304.2463408013016
350413,6282.689234488353
350414,187317.87845793978
350415,494563.7711037304
350416,19607.35258518147
350417,34041.15957867149
350418,401613.63971663197
350419,36904.89254429934
350420,0.0
350421,174844.96278883307
350422,85074.89844149635
350423,222209.230412833
350424,228518.98469414108
350425,2542.8694741063227
350426,1818.73496332393
350427,62035.09146079418
350428,364166.36473086494
350429,26402.991462612583
350430,1434109.380879195
350431,1772.1947567305679
350432,1879.3713386086781
350433,244313.04224315376
350434,138458.760930532
350435,584721.3483227611
350436,641141.0937542164
350437,2220.799014751819
350438,126426.70287731776
350439,112747.37416569203
350440,1257.2161251261375
350441,44940.69823350991
350442,11927.580366748794
350443,178764.65043441672
350444,12503.50931685474
350445,36646.36915683659
350446,18682.941273216038
350447,25826.24695899037
350448,23083.309838721063
350449,340277.661223426
350450,9006.099708503145
350451,29416.087628116613
350452,14107.079572165117
350453,1966.06011349467
350454,55209.01076047081
350455,876.213359467094
350456,27.345220675863857
350457,15164.39630855943
350458,4861.515928204375
350459,7605.8208161016555
350460,4962.828605086996
350461,94577.88398356055
350462,373952.3167392878
350463,1328952.432676618
350464,98244.11270312559
350465,44420.85681771757
350466,28488.738378285598
350467,0.0
350468,62063.75073853007
350469,158.62237392240746
350470,127.44072613992194
350471,3630050.7290480775
350472,479326.8754222042
350473,26403.089110016812
350474,241044.48245778555
350475,447625.5277181913
350476,20196.823624405766
350477,957.0177083716362
350478,44232.91707540319
350479,4607.813989475633
350480,2201.337455796811
350481,22195.41822791127
350482,224238.65155916248
350483,6404.511657865194
350484,190140.8488815067
350485,74104.96079528815
350486,9922.826160758023
350487,216154.98064175303
350488,1656.9185880482569
350489,80330.66129545766
350490,176695.36880301932
350491,161992.2119545826
350492,183576.26653032895
350493,2276.4765401847653
350494,20266.078400144495
350495,15208.245963197223
350496,146739.95314232647
350497,6578.755018346656
350498,90811.13073135904
350499,192699.9215455557
350500,141927.39722530218
350501,64791.159065060565
350502,18426.711379177174
350503,124182.06572300583
350504,9766.70363542058
350505,66828.32432197852
350506,141597.35716315272
350507,66297.8229909974
350508,5830.125002228217
350509,128262.22001973409
350510,145326.1647436244
350511,216697.3663489926
350512,14592.355105943781
350513,102.47876699794004
350514,4244.990645478819
350515,8818.946771599325
350516,19229.524177059262
350517,49934.6502727942
350518,3491.3883954618905
350519,393.3320050083013
350520,20643.113878295564
350521,7915.8174218859385
350522,5663.7671231485565
350523,103293.98693335612
350524,347220.0347613923
350525,39257.81660580071
350526,1562230.9605396963
350527,446462.9489495843
350528,58754.82070817346
350529,201038.7070993943
350530,3092875.5830697967
350531,101707.50338213421
350532,70112.4912522857
350533,916366.6752304791
350534,677475.0706731016
350535,725788.448201261
350536,1377111.0070399474
350537,161056.90724650878
350538,150240.30300683543
350539,2462.9838206089134
350540,5261.664274274874
350541,4.171859531316841
350542,13307.0143052188
350543,106533.02161409544
350544,3759.250875810929
350545,34129.381898167114
350546,517575.09008407727
350547,152334.37600659364
350548,746557.8728257759
350549,352125.527557876
350550,117441.29984832242
350551,76471.25876408571
350552,929.1676674539312
350553,20956.00865556376
350554,315090.15971122624
350555,770752.2602724122
350556,335693.2256296939
350557,21689.87440794739
350558,37672.12202386218
350559,137.43829285335295
350560,23229.920383414305
350561,3531.121227364515
350562,104063.19204355776
350563,162518.57711739515
350564,14800.022171022763
350565,3539.039909156598
350566,823.6308971104553
350567,189941.47295991992
350568,1031342.7424429056
350569,105523.4551282867
350570,3677.798269662537
350571,30290.388260829426
350572,0.0
350573,313.6849820975459
350574,116693.53065973129
350575,211227.13070492327
350576,146302.5796869871
350577,343334.1558308415
350578,447806.1253465759
350579,15189.81651925081
350580,10932.153533815366
350581,18828.554263685968
350582,1667.1080619171416
350583,1801.941369568298
350584,85248.71903783322
350585,22768.455505292215
350586,774355.4485034412
350587,3480.5023913081063
350588,375.2867278934416
350589,298.2586347912252
350590,0.0
350591,46.4529161323978
350592,1894.363757091244
350593,1411.5139376403101
350594,102085.8470330004
350595,11851.866526114174
350596,1236.1961869891302
350597,4818.003846253011
350598,1488.565978012212
350599,1825.0097408547647
350600,2692.071159665599
350601,31106.91442237963
350602,1028830.907814913
350603,567927.4444772998
350604,1890733.2050905812
350605,703906.1808468403
350606,34162.54505288058
350607,26020.827348251973
350608,1058.5897737933537
350609,43879.61884872833
350610,93114.49643030037
350611,157640.27340497874
350612,267912.88154001365
350613,87907.60106398338
350614,378616.0972127817
350615,378.1119779600523
350616,23318.313840949737
350617,22091.151471480793
350618,0.0
350619,0.0
350620,609.8606366901693
350621,128.07849806993613
350622,143412.46568298718
350623,907557.7276545336
350624,399727.94460025686
350625,767597.3488697472
350626,31893.954002994597
350627,1017.1009434255702
350628,37295.56327783545
350629,157444.71598443115
350630,174.5960753046288
350631,59.57049431047017
350632,147.40620902400372
350633,253.66812256537594
350634,8306.408042378276
350635,75831.12096714452
350636,25144.131390153998
350637,694338.4487076984
350638,642653.2368298739
350639,261083.81908706244
350640,32031.1183036066
350641,316.0311917058074
350642,7202.617668788839
350643,0.0
350644,70717.45747878744
350645,0.0
350646,1392.1142604712545
350647,42624.8381379962
350648,456044.9150436042
350649,29841.670994860346
350650,162337.82459677718
350651,0.0
350652,276937.364135368
350653,0.0
350654,0.0
350655,16178.080622497191
350656,174495.0085171918
350657,180056.26637945022
350658,1634844.7470678806
350659,407580.4628265982
350660,2256.9361803481715
350661,163635.3564570023
350662,114772.82461513425
350663,1222.4148864971776
350664,11740.94435176124
350665,39204.71927711918
350666,354124.4871031904
350667,1249.8515429490335
350668,93709.94986164154
350669,105554.23005808468
350670,1087414.7412965852
350671,1794926.7919815695
350672,18840.47285061834
350673,117175.73206346172
350674,0.0
350675,15009.738909997996
350676,382966.96677576326
350677,0.0
350678,0.0
350679,423938.6686453417
350680,7261.24658873026
350681,25284.834984825044
350682,21454.01801528985
350683,57486.81284867569
350684,0.0
350685,0.0
350686,209553.03037451365
350687,78921.64832295888
350688,47814.61046869375
350689,3656.1512737604426
350690,28294.901883712715
350691,0.0
350692,2887.7422547169936
350693,4572475.142069748
350694,547112.821930369
350695,0.0
350696,0.0
350697,0.0
350698,80952.54208766602
350699,20667.745646281022
350700,2919.3807666984185
350701,48483.62682342765
350702,4500.744334298088
350703,6651.469060807542
350704,13748.951630166986
350705,159639.48287667788
350706,0.0
350707,146476.39138728107
350708,28972.936167004165
350709,6604.099956388252
350710,199463.68711027608
350711,98329.61566353549
350712,503221.9259011141
350713,0.0
350714,0.0
350715,32159.43216483872
350716,3684.321120909453
350717,15870.788262701097
350718,0.0
350719,0.0
350720,4430.568797344975
350721,0.0
350722,0.0
350723,219867.58724685368
350724,484316.95453110494
350725,30165.556134108738
350726,319.4660752207386
350727,0.0
350728,0.0
350729,0.0
350730,0.0
350731,0.0
350732,116118.93505265252
350733,28861.525348484836
350734,114.51587956795743
350735,3585.8841338605075
350736,9504.54110478393
350737,18278.35441816734
350738,72367.98174722126
350739,3231.4855413196947
350740,8477.34654757186
350741,30527.67090428318
350742,11291.404597055813
350743,10421.123795458188
350744,80498.22654035853
350745,0.0
350746,38065.74155138092
350747,3923005.558979662
350748,0.0
350749,62410.99373354255
350750,290512.98008420976
350751,1110.069849866195
350752,254066.56743391085
350753,0.0
350754,0.0
350755,0.0
350756,2127987.2336629843
350757,0.0
350758,2153394.187601385
350759,136882.66507686925
350760,0.0
350761,0.0
350762,10648.620039773448
350763,0.0
350764,136087.58890704968
350765,29775.924243099522
350766,17816.570147243398
350767,645332.7796699501
350768,879247.2138623716
350769,0.0
350770,876373.154890316
350771,0.0
350772,77570.8003189338
350773,0.0
350774,8637.296817484095
350775,0.0
350776,284144.758055069
350777,1827655.0341382301
350778,0.0
350779,13017.552110249642
350780,9162.135825296406
350781,143593.1985098567
350782,52809.97205051361
350783,126616.71552125158
350784,0.0
350785,464143.0496830605
350786,0.0
350787,1860.4627992624307
350788,0.0
350789,284335.1337915582
350790,0.0
350791,0.0
350792,6110.84902212799
350793,134930.01282482038
350794,0.0
350795,23551.26374254464
350796,90388.32535090236
350797,75314.29911627008
350798,0.0
350799,502852.0982595185
350800,0.0
350801,9236.768790247443
350802,72406.51890825763
350803,44876.32597608569
350804,12480.036895543484
350805,0.0
350806,0.0
350807,0.0
350808,0.0
350809,7143036.006391294
350810,1323.0365044836049
350811,1586.4097386614906
350812,104937.67920991957
350813,19309.144380446276
350814,37302.3369298511
350815,0.0
350816,5153.83438288146
350817,1944.068900125022
350818,0.0
350819,4570.656016454889
350820,0.0
350821,0.0
350822,0.0
350823,516197.00376402825
350824,2112522.6916884673
350825,0.0
350826,21267.041981255752
350827,54712.93872245333
350828,0.0
350829,40891.946099960434
350830,6445380.761168131
350831,778995.769476681
350832,139927.4584135413
350833,0.0
350834,0.0
350835,0.0
350836,63622.20084779296
350837,3419.9053752711
350838,1591.7029083258353
350839,0.0
350840,3262.365837953933
350841,94.69626715110405
350842,109536.4836186659
350843,801342.3024603365
350844,223262.4310720979
350845,0.0
350846,212823.77968986437
350847,0.0
350848,1390318.3556421718
350849,0.0
350850,0.0
350851,1196528.305129084
350852,427555.901541988
350853,25752.7990483464
350854,960.3131490747674
350855,167.0868051679521
350856,34689.43092992187
350857,0.0
350858,127850.17962483344
350859,165211.28284527152
350860,156329.88007605032
350861,0.0
350862,20200.52468526855
350863,34041.15957867149
350864,401613.63971663197
350865,36904.89254429934
350866,0.0
350867,174844.96278883307
350868,85074.89844149635
350869,222209.230412833
350870,228518.98469414108
350871,2542.8694741063227
350872,1818.73496332393
350873,62035.09146079418
350874,364166.36473086494
350875,26402.991462612583
350876,1434109.380879195
350877,1772.1947567305679
350878,1879.3713386086781
350879,244313.04224315376
350880,138458.760930532
350881,584721.3483227611
350882,641141.0937542164
350883,2220.799014751819
350884,126426.70287731776
350885,112747.37416569203
350886,1257.2161251261375
350887,44940.69823350991
350888,11927.580366748794
350889,178764.65043441672
350890,12503.50931685474
350891,36646.36915683659
350892,18682.941273216038
350893,25826.24695899037
350894,23083.309838721063
350895,340277.661223426
350896,9006.099708503145
350897,29416.087628116613
350898,14107.079572165117
350899,1966.06011349467
350900,55209.01076047081
350901,876.213359467094
350902,27.345220675863857
350903,15164.39630855943
350904,4861.515928204375
350905,7605.8208161016555
350906,4962.828605086996
350907,94577.88398356055
350908,373952.3167392878
350909,1328952.432676618
350910,98244.11270312559
350911,44420.85681771757
350912,28488.738378285598
350913,0.0
350914,62063.75073853007
350915,158.62237392240746
350916,127.44072613992194
350917,3630050.7290480775
350918,479326.8754222042
350919,26403.089110016812
350920,241044.48245778555
350921,447625.5277181913
350922,20196.823624405766
350923,957.0177083716362
350924,44232.91707540319
350925,4607.813989475633
350926,2201.337455796811
350927,22195.41822791127
350928,224238.65155916248
350929,6404.511657865194
350930,190140.8488815067
350931,74104.96079528815
350932,9922.826160758023
350933,216154.98064175303
350934,1656.9185880482569
350935,80330.66129545766
350936,176695.36880301932
350937,161992.2119545826
350938,183576.26653032895
350939,2276.4765401847653
350940,20266.078400144495
350941,15208.245963197223
350942,146739.95314232647
350943,6578.755018346656
350944,90811.13073135904
350945,192699.9215455557
350946,141927.39722530218
350947,64791.159065060565
350948,18426.711379177174
350949,124182.06572300583
350950,9766.70363542058
350951,66828.32432197852
350952,141597.35716315272
350953,66297.8229909974
350954,5830.125002228217
350955,128262.22001973409
350956,145326.1647436244
350957,216697.3663489926
350958,14592.355105943781
350959,102.47876699794004
350960,4244.990645478819
350961,8818.946771599325
350962,19229.524177059262
350963,49934.6502727942
350964,3491.3883954618905
350965,393.3320050083013
350966,20643.113878295564
350967,7915.8174218859385
350968,5663.7671231485565
350969,103293.98693335612
350970,347220.0347613923
350971,39257.81660580071
350972,1562230.9605396963
350973,446462.9489495843
350974,58754.82070817346
350975,201038.7070993943
350976,3092875.5830697967
350977,101707.50338213421
350978,70112.4912522857
350979,916366.6752304791
350980,677475.0706731016
350981,725788.448201261
350982,1377111.0070399474
350983,161056.90724650878
350984,150240.30300683543
350985,2462.9838206089134
350986,5261.664274274874
350987,4.171859531316841
350988,13307.0143052188
350989,106533.02161409544
350990,3759.250875810929
350991,34129.381898167114
350992,517575.09008407727
350993,152334.37600659364
350994,746557.8728257759
350995,352125.527557876
350996,117441.29984832242
350997,76471.25876408571
350998,929.1676674539312
350999,20956.00865556376
351000,315090.15971122624
351001,770752.2602724122
351002,335693.2256296939
351003,21689.87440794739
351004,37672.12202386218
351005,137.43829285335295
351006,23229.920383414305
351007,3531.121227364515
351008,104063.19204355776
351009,162518.57711739515
351010,14800.022171022763
351011,3539.039909156598
351012,823.6308971104553
351013,189941.47295991992
351014,1031342.7424429056
351015,105523.4551282867
351016,3677.798269662537
351017,30290.388260829426
351018,0.0
351019,313.6849820975459
351020,116693.53065973129
351021,211227.13070492327
351022,146302.5796869871
351023,343334.1558308415
351024,447806.1253465759
351025,15189.81651925081
351026,10932.153533815366
351027,18828.554263685968
351028,1667.1080619171416
351029,1801.941369568298
351030,85248.71903783322
351031,22768.455505292215
351032,774355.4485034412
351033,3480.5023913081063
351034,375.2867278934416
351035,298.2586347912252
351036,0.0
351037,46.4529161323978
351038,1894.363757091244
351039,1411.5139376403101
351040,102085.8470330004
351041,11851.866526114174
351042,1236.1961869891302
351043,4818.003846253011
351044,1488.565978012212
351045,1825.0097408547647
351046,2692.071159665599
351047,31106.91442237963
351048,1028830.907814913
351049,567927.4444772998
351050,1890733.2050905812
351051,703906.1808468403
351052,34162.54505288058
351053,26020.827348251973
351054,1058.5897737933537
351055,43879.61884872833
351056,93114.49643030037
351057,157640.27340497874
351058,267912.88154001365
351059,87907.60106398338
351060,378616.0972127817
351061,378.1119779600523
351062,23318.313840949737
351063,22091.151471480793
351064,0.0
351065,0.0
351066,609.8606366901693
351067,128.07849806993613
351068,143412.46568298718
351069,907557.7276545336
351070,399727.94460025686
351071,767597.3488697472
351072,31893.954002994597
351073,1017.1009434255702
351074,37295.56327783545
351075,157444.71598443115
351076,174.5960753046288
351077,59.57049431047017
351078,147.40620902400372
351079,253.66812256537594
351080,8306.408042378276
351081,75831.12096714452
351082,25144.131390153998
351083,694338.4487076984
351084,642653.2368298739
351085,261083.81908706244
351086,32031.1183036066
351087,316.0311917058074
351088,7202.617668788839
351089,0.0
351090,70717.45747878744
351091,0.0
351092,1392.1142604712545
351093,42624.8381379962
351094,456044.9150436042
351095,29841.670994860346
351096,162337.82459677718
351097,0.0
351098,276937.364135368
351099,0.0
351100,0.0
351101,16178.080622497191
351102,174495.0085171918
351103,180056.26637945022
351104,1634844.7470678806
351105,407580.4628265982
351106,2256.9361803481715
351107,163635.3564570023
351108,114772.82461513425
351109,1222.4148864971776
351110,11740.94435176124
351111,39204.71927711918
351112,354124.4871031904
351113,1249.8515429490335
351114,93709.94986164154
351115,105554.23005808468
351116,1087414.7412965852
351117,1794926.7919815695
351118,18840.47285061834
351119,117175.73206346172
351120,0.0
351121,15009.738909997996
351122,382966.96677576326
351123,0.0
351124,0.0
351125,423938.6686453417
351126,7261.24658873026
351127,25284.834984825044
351128,21454.01801528985
351129,57486.81284867569
351130,0.0
351131,0.0
351132,209553.03037451365
351133,78921.64832295888
351134,47814.61046869375
351135,3656.1512737604426
351136,28294.901883712715
351137,0.0
351138,2887.7422547169936
351139,4572475.142069748
351140,547112.821930369
351141,0.0
351142,0.0
351143,0.0
351144,80952.54208766602
351145,20667.745646281022
351146,2919.3807666984185
351147,48483.62682342765
351148,4500.744334298088
351149,6651.469060807542
351150,13748.951630166986
351151,159639.48287667788
351152,0.0
351153,146476.39138728107
351154,28972.936167004165
351155,6604.099956388252
351156,199463.68711027608
351157,98329.61566353549
351158,503221.9259011141
351159,0.0
351160,0.0
351161,32159.43216483872
351162,3684.321120909453
351163,15870.788262701097
351164,0.0
351165,0.0
351166,4430.568797344975
351167,0.0
351168,0.0
351169,219867.58724685368
351170,484316.95453110494
351171,30165.556134108738
351172,319.4660752207386
351173,0.0
351174,0.0
351175,0.0
351176,0.0
351177,0.0
351178,116118.93505265252
351179,28861.525348484836
351180,114.51587956795743
351181,3585.8841338605075
351182,9504.54110478393
351183,18278.35441816734
351184,72367.98174722126
351185,3231.4855413196947
351186,8477.34654757186
351187,30527.67090428318
351188,11291.404597055813
351189,10421.123795458188
351190,80498.22654035853
351191,0.0
351192,38065.74155138092
351193,3923005.558979662
351194,0.0
351195,62410.99373354255
351196,290512.98008420976
351197,1110.069849866195
351198,254066.56743391085
351199,0.0
351200,0.0
351201,0.0
351202,2127987.2336629843
351203,0.0
351204,2153394.187601385
351205,136882.66507686925
351206,0.0
351207,0.0
351208,10648.620039773448
351209,0.0
351210,136087.58890704968
351211,29775.924243099522
351212,17816.570147243398
351213,645332.7796699501
351214,879247.2138623716
351215,0.0
351216,876373.154890316
351217,0.0
351218,77570.8003189338
351219,0.0
351220,8637.296817484095
351221,0.0
351222,284144.758055069
351223,1827655.0341382301
351224,0.0
351225,13017.552110249642
351226,9162.135825296406
351227,143593.1985098567
351228,52809.97205051361
351229,126616.71552125158
351230,0.0
351231,464143.0496830605
351232,0.0
351233,1860.4627992624307
351234,0.0
351235,284335.1337915582
351236,0.0
351237,0.0
351238,6110.84902212799
351239,134930.01282482038
351240,0.0
351241,23551.26374254464
351242,90388.32535090236
351243,75314.29911627008
351244,0.0
351245,502852.0982595185
351246,0.0
351247,9236.768790247443
351248,72406.51890825763
351249,44876.32597608569
351250,12480.036895543484
351251,0.0
351252,0.0
351253,0.0
351254,0.0
351255,7143036.006391294
351256,1323.0365044836049
351257,1586.4097386614906
351258,104937.67920991957
351259,19309.144380446276
351260,37302.3369298511
351261,0.0
351262,5153.83438288146
351263,1944.068900125022
351264,0.0
351265,4570.656016454889
351266,0.0
351267,0.0
351268,0.0
351269,516197.00376402825
351270,2112522.6916884673
351271,0.0
351272,21267.041981255752
351273,54712.93872245333
351274,0.0
351275,40891.946099960434
351276,6445380.761168131
351277,778995.769476681
351278,139927.4584135413
351279,0.0
351280,0.0
351281,0.0
351282,63622.20084779296
351283,3419.9053752711
351284,1591.7029083258353
351285,0.0
351286,3262.365837953933
351287,94.69626715110405
351288,109536.4836186659
351289,801342.3024603365
351290,223262.4310720979
351291,0.0
351292,212823.77968986437
351293,0.0
351294,1390318.3556421718
351295,0.0
351296,0.0
351297,1196528.305129084
351298,427555.901541988
351299,25752.7990483464
351300,960.3131490747674
351301,167.0868051679521
351302,34689.43092992187
351303,0.0
351304,127850.17962483344
351305,165211.28284527152
351306,156329.88007605032
351307,0.0
351308,20200.52468526855
351309,0.0
351310,70717.45747878744
351311,0.0
351312,1392.1142604712545
351313,42624.8381379962
351314,456044.9150436042
351315,29841.670994860346
351316,162337.82459677718
351317,0.0
351318,276937.364135368
351319,0.0
351320,0.0
351321,16178.080622497191
351322,174495.0085171918
351323,180056.26637945022
351324,1634844.7470678806
351325,407580.4628265982
351326,2256.9361803481715
351327,163635.3564570023
351328,114772.82461513425
351329,1222.4148864971776
351330,11740.94435176124
351331,39204.71927711918
351332,354124.4871031904
351333,1249.8515429490335
351334,93709.94986164154
351335,105554.23005808468
351336,1087414.7412965852
351337,1794926.7919815695
351338,18840.47285061834
351339,117175.73206346172
351340,0.0
351341,15009.738909997996
351342,382966.96677576326
351343,0.0
351344,0.0
351345,423938.6686453417
351346,7261.24658873026
351347,25284.834984825044
351348,21454.01801528985
351349,57486.81284867569
351350,0.0
351351,0.0
351352,209553.03037451365
351353,78921.64832295888
351354,47814.61046869375
351355,3656.1512737604426
351356,28294.901883712715
351357,0.0
351358,2887.7422547169936
351359,4572475.142069748
351360,547112.821930369
351361,0.0
351362,0.0
351363,0.0
351364,80952.54208766602
351365,20667.745646281022
351366,2919.3807666984185
351367,48483.62682342765
351368,4500.744334298088
351369,6651.469060807542
351370,13748.951630166986
351371,159639.48287667788
351372,0.0
351373,146476.39138728107
351374,28972.936167004165
351375,6604.099956388252
351376,199463.68711027608
351377,98329.61566353549
351378,503221.9259011141
351379,0.0
351380,0.0
351381,32159.43216483872
351382,3684.321120909453
351383,15870.788262701097
351384,0.0
351385,0.0
351386,4430.568797344975
351387,0.0
351388,0.0
351389,219867.58724685368
351390,484316.95453110494
351391,30165.556134108738
351392,319.4660752207386
351393,0.0
351394,0.0
351395,0.0
351396,0.0
351397,0.0
351398,116118.93505265252
351399,28861.525348484836
351400,114.51587956795743
351401,3585.8841338605075
351402,9504.54110478393
351403,18278.35441816734
351404,72367.98174722126
351405,3231.4855413196947
351406,8477.34654757186
351407,30527.67090428318
351408,11291.404597055813
351409,10421.123795458188
351410,80498.22654035853
351411,0.0
351412,38065.74155138092
351413,3923005.558979662
351414,0.0
351415,62410.99373354255
351416,290512.98008420976
351417,1110.069849866195
351418,254066.56743391085
351419,0.0
351420,0.0
351421,0.0
351422,2127987.2336629843
351423,0.0
351424,2153394.187601385
351425,136882.66507686925
351426,0.0
351427,0.0
351428,10648.620039773448
351429,0.0
351430,136087.58890704968
351431,29775.924243099522
351432,17816.570147243398
351433,645332.7796699501
351434,879247.2138623716
351435,0.0
351436,876373.154890316
351437,0.0
351438,77570.8003189338
351439,0.0
351440,8637.296817484095
351441,0.0
351442,284144.758055069
351443,1827655.0341382301
351444,0.0
351445,13017.552110249642
351446,9162.135825296406
351447,143593.1985098567
351448,52809.97205051361
351449,126616.71552125158
351450,0.0
351451,464143.0496830605
351452,0.0
351453,1860.4627992624307
351454,0.0
351455,284335.1337915582
351456,0.0
351457,0.0
351458,6110.84902212799
351459,134930.01282482038
351460,0.0
351461,23551.26374254464
351462,90388.32535090236
351463,75314.29911627008
351464,0.0
351465,502852.0982595185
351466,0.0
351467,9236.768790247443
351468,72406.51890825763
351469,44876.32597608569
351470,12480.036895543484
351471,0.0
351472,0.0
351473,0.0
351474,0.0
351475,7143036.006391294
351476,1323.0365044836049
351477,1586.4097386614906
351478,104937.67920991957
351479,19309.144380446276
351480,37302.3369298511
351481,0.0
351482,5153.83438288146
351483,1944.068900125022
351484,0.0
351485,4570.656016454889
351486,0.0
351487,0.0
351488,0.0
351489,516197.00376402825
351490,2112522.6916884673
351491,0.0
351492,21267.041981255752
351493,54712.93872245333
351494,0.0
351495,40891.946099960434
351496,6445380.761168131
351497,778995.769476681
351498,139927.4584135413
351499,0.0
351500,0.0
351501,0.0
351502,63622.20084779296
351503,3419.9053752711
351504,1591.7029083258353
351505,0.0
351506,3262.365837953933
351507,94.69626715110405
351508,109536.4836186659
351509,801342.3024603365
351510,223262.4310720979
351511,0.0
351512,212823.77968986437
351513,0.0
351514,1390318.3556421718
351515,0.0
351516,0.0
351517,1196528.305129084
351518,427555.901541988
351519,25752.7990483464
351520,960.3131490747674
351521,167.0868051679521
351522,34689.43092992187
351523,0.0
351524,127850.17962483344
351525,165211.28284527152
351526,156329.88007605032
351527,0.0
351528,20200.52468526855
