Num,y
348622,1431.9185943603516
348623,27245.33349609375
348624,237272.275390625
348625,30042.66177368164
348626,-52.9376220703125
348627,212604.6181640625
348628,60227.25769615173
348629,72058.62670898438
348630,70877.40747070312
348631,-8218.845581054688
348632,1208.814208984375
348633,49859.41082763672
348634,269677.8091125488
348635,30428.877807617188
348636,1287.6570281982422
348637,181073.12915039062
348638,91170.5517578125
348639,503294.9536895752
348640,530744.2316894531
348641,1659.630958557129
348642,128326.46728515625
348643,75390.39636230469
348644,1196.7579307556152
348645,21001.034065246582
348646,7118.758371353149
348647,126532.4111328125
348648,9270.934692382812
348649,42932.1923828125
348650,-869.1804809570312
348651,20940.23712158203
348652,16294.019348144531
348653,234970.36364746094
348654,1130.2803955078125
348655,24895.233489990234
348656,11488.779968261719
348657,3729.5885009765625
348658,43085.01803588867
348659,-2642.7401123046875
348660,1520.1600341796875
348661,8370.159339904785
348662,1617.3209915161133
348663,10765.046905517578
348664,1118470.3198242188
348665,83389.34973144531
348666,253801.58740234375
348667,673803.298828125
348668,84592.74545288086
348669,31817.954345703125
348670,18037.020629882812
348671,-32035.68408203125
348672,42488.89044189453
348673,-35.431660652160645
348674,151.77511024475098
348675,2532369.81640625
348676,349932.50390625
348677,10846.479614257812
348678,42871.0771484375
348679,262063.57958984375
348680,12140.7412109375
348681,794.6710815429688
348682,22048.3212890625
348683,246.015869140625
348684,-22.293212890625
348685,6770.5234375
348686,83164.21264648438
348687,6328.5360107421875
348688,185158.0
348689,35633.34375
348690,9676.6171875
348691,176324.48803710938
348692,17840.395084381104
348693,214112.794921875
348694,127023.42724609375
348695,121328.33557128906
348696,84252.45013427734
348697,73135.74743652344
348698,563.0079336166382
348699,16389.158615112305
348700,13098.992296218872
348701,54181.16128540039
348702,7295.387969970703
348703,32550.06365966797
348704,50123.01611328125
348705,121411.40808105469
348706,95390.05277252197
348707,6577.994140625
348708,5939.839202880859
348709,57309.760498046875
348710,77624.71517944336
348711,34913.32684326172
348712,4028.388557434082
348713,63193.9169921875
348714,85513.1240234375
348715,163000.97021484375
348716,9147.178970336914
348717,345.28626251220703
348718,2387.3777770996094
348719,8824.771484375
348720,11201.740112304688
348721,105172.48461914062
348722,3978.36767578125
348723,262.45336151123047
348724,12431.859130859375
348725,404.8857421875
348726,432.79052734375
348727,48000.9755859375
348728,145525.3203125
348729,10101.45654296875
348730,1094550.361328125
348731,277196.9921875
348732,14791.009765625
348733,164493.8319091797
348734,-558.320068359375
348735,2332457.619140625
348736,37593.16943359375
348737,31142.170959472656
348738,574777.509765625
348739,460832.26953125
348740,575170.9145507812
348741,920867.31640625
348742,112467.94738769531
348743,117791.58502197266
348744,1126.9947509765625
348745,6792.285949707031
348746,-138.76157760620117
348747,13520.055477142334
348748,79515.74462890625
348749,2311.353225708008
348750,27426.47021484375
348751,397397.7619628906
348752,101440.09155273438
348753,562153.2310791016
348754,262558.2647705078
348755,98547.26440429688
348756,61321.357360839844
348757,814.022575378418
348758,14435.837097167969
348759,263392.7305908203
348760,689986.9154052734
348761,310321.7607421875
348762,18883.37322998047
348763,23881.350708007812
348764,-29.280780792236328
348765,10260.842712402344
348766,115137.93530273438
348767,2812.882127761841
348768,164.31958675384521
348769,82051.92593383789
348770,11251.272659301758
348771,2322.1878242492676
348772,1350.9963264465332
348773,134653.03186035156
348774,601665.3046875
348775,2014.0885391235352
348776,17689.189323425293
348777,22.017881393432617
348778,23391.26235961914
348779,84508.6000366211
348780,164534.5824584961
348781,109537.42431640625
348782,254565.5166015625
348783,348197.38232421875
348784,9735.589904785156
348785,5322.947353363037
348786,12302.097534179688
348787,1587.355972290039
348788,1402.22513961792
348789,68388.38461303711
348790,18277.883056640625
348791,568402.7573242188
348792,479757.0341796875
348793,28.97754216194153
348794,174.96127700805664
348795,15.13977837562561
348796,1347.711814880371
348797,801.3367767333984
348798,59759.19580078125
348799,8719.4955368042
348800,684.0418529510498
348801,2837.2288818359375
348802,522.605402469635
348803,242.0184783935547
348804,1029.330795288086
348805,2948.9527587890625
348806,820565.95703125
348807,27888.709716796875
348808,1007696.2841796875
348809,326425.4130859375
348810,18695.241302490234
348811,7078.177978515625
348812,-530.8605651855469
348813,20901.627380371094
348814,39036.111328125
348815,62854.61120605469
348816,201340.02752685547
348817,82769.7919921875
348818,-2622.2496032714844
348819,251479.45751953125
348820,9128.490356445312
348821,-230.76220607757568
348822,693.5440979003906
348823,18824.773971557617
348824,1081.49560546875
348825,-1527.4417724609375
348826,382.78467559814453
348827,-106.65631103515625
348828,118036.02697753906
348829,644889.943359375
348830,266752.3435058594
348831,533652.1284179688
348832,23688.509063720703
348833,2398.320343017578
348834,31942.00938129425
348835,131549.67944335938
348836,515507.78271484375
348837,-106.34786939620972
348838,24.272306442260742
348839,-32.35449719429016
348840,3490.4726524353027
348841,39736.379486083984
348842,14280.389198303223
348843,411.26937675476074
348844,4248.222351074219
348845,210764.6163635254
348846,522465.0390625
348847,15587.17448425293
349519,1825.1145935058594
349520,27774.529296875
349521,250221.0283203125
349522,30636.21124267578
349523,-120.01484680175781
349524,202939.248046875
349525,65024.51014137268
349526,74608.64318847656
349527,74843.48852539062
349528,-6258.162414550781
349529,-119.4022216796875
349530,51619.60425949097
349531,273993.3571777344
349532,29660.37158203125
349533,1703.142578125
349534,186793.20361328125
349535,94817.5048828125
349536,506553.69441223145
349537,537396.7404785156
349538,1641.0377044677734
349539,125747.88232421875
349540,75284.45024108887
349541,1241.3990898132324
349542,20412.318450927734
349543,7291.7386112213135
349544,129656.14575195312
349545,7700.4544677734375
349546,34136.93359375
349547,170.43557739257812
349548,21834.194793701172
349549,17072.33413696289
349550,236545.04553222656
349551,3686.990478515625
349552,25293.65640258789
349553,11624.973537445068
349554,3343.851348876953
349555,43684.26025390625
349556,-1875.3190307617188
349557,827.139892578125
349558,9475.632667541504
349559,2243.4498558044434
349560,12183.027160644531
349561,1129971.5380859375
349562,83955.64868164062
349563,266376.5439453125
349564,737550.02734375
349565,85645.17727661133
349566,34429.88586425781
349567,18870.149780273438
349568,-22886.50048828125
349569,43950.781677246094
349570,-2.483841486275196
349571,143.00306129455566
349572,2605885.84765625
349573,360854.69873046875
349574,9929.820434570312
349575,47071.701416015625
349576,273831.00732421875
349577,13886.780883789062
349578,745.0208740234375
349579,29472.5888671875
349580,1388.71533203125
349581,761.499755859375
349582,13046.36328125
349583,98639.45532226562
349584,6556.6534423828125
349585,102973.9375
349586,20045.17578125
349587,4641.23046875
349588,179936.84814453125
349589,18241.025993347168
349590,207760.69287109375
349591,130905.01708984375
349592,124133.32214355469
349593,86625.70791625977
349594,76471.92272949219
349595,585.2362365722656
349596,16891.621383666992
349597,13278.880575180054
349598,59767.37417602539
349599,7473.405879974365
349600,34294.48828125
349601,52788.21911621094
349602,125591.12467956543
349603,98281.48983001709
349604,14646.841796875
349605,6310.927642822266
349606,62204.569091796875
349607,77719.26303100586
349608,34981.82859802246
349609,3953.6611862182617
349610,69814.7333984375
349611,87698.951171875
349612,169834.93115234375
349613,9218.833740234375
349614,278.7892608642578
349615,2352.742431640625
349616,5071.67578125
349617,11978.184204101562
349618,106103.04516601562
349619,1832.044921875
349620,272.57410049438477
349621,14187.90185546875
349622,3341.468994140625
349623,2591.97900390625
349624,54844.2470703125
349625,198963.09375
349626,15706.8564453125
349627,1106268.6640625
349628,283916.44970703125
349629,20287.7939453125
349630,167572.27380371094
349631,272.033935546875
349632,2430670.30078125
349633,43481.22314453125
349634,36131.572692871094
349635,604644.779296875
349636,503787.083984375
349637,591202.4594726562
349638,1017060.31640625
349639,116340.17065429688
349640,119259.89831542969
349641,1729.4771423339844
349642,8419.5810546875
349643,5.8021240234375
349644,13754.708480834961
349645,82143.79748535156
349646,2872.362030029297
349647,29493.11602783203
349648,413782.2585449219
349649,105331.76452636719
349650,567102.4840087891
349651,264403.9892578125
349652,99992.54779052734
349653,63287.31414794922
349654,850.4854431152344
349655,15139.585021972656
349656,267295.1340332031
349657,694663.6070556641
349658,314290.685546875
349659,19140.384048461914
349660,24389.147521972656
349661,19.590885162353516
349662,10892.989440917969
349663,120789.31958007812
349664,2926.936876296997
349665,153.5169792175293
349666,82688.66857910156
349667,11630.132049560547
349668,2255.9299964904785
349669,1314.7500019073486
349670,139196.56518554688
349671,645411.931640625
349672,1976.490707397461
349673,16246.500091552734
349674,72.5426893234253
349675,23088.833724975586
349676,88083.65362548828
349677,168621.00463867188
349678,112905.18310546875
349679,262579.81103515625
349680,357698.0634765625
349681,10170.750122070312
349682,5767.366621017456
349683,12524.964111328125
349684,1397.2235717773438
349685,1449.044548034668
349686,69835.4692993164
349687,19821.277252197266
349688,604529.2338867188
349689,484990.06591796875
349690,53.197115659713745
349691,268.6859436035156
349692,25.149845361709595
349693,1673.8143310546875
349694,1043.7876052856445
349695,63712.272705078125
349696,9016.464515686035
349697,638.2952671051025
349698,2940.2975282669067
349699,628.7304236888885
349700,286.1191864013672
349701,900.58349609375
349702,2772.1175537109375
349703,839970.8720703125
349704,28594.53741455078
349705,996038.1767578125
349706,321596.34375
349707,18552.215866088867
349708,6971.737365722656
349709,123.78756713867188
349710,22675.256469726562
349711,40830.31457519531
349712,66537.38952636719
349713,204089.45611572266
349714,83328.07342529297
349715,-2200.855987548828
349716,262782.39208984375
349717,11437.786254882812
349718,-164.06437015533447
349719,509.1661834716797
349720,19135.430633544922
349721,405.1136474609375
349722,-2217.2698974609375
349723,435.53809356689453
349724,-41.0354118347168
349725,118715.9340209961
349726,656011.2993164062
349727,272176.9921875
349728,549238.6342773438
349729,24398.793395996094
349730,2280.088897705078
349731,32214.65727329254
349732,132297.69384765625
349733,522440.1052246094
349734,-80.58585786819458
349735,69.93217182159424
349736,17.293131470680237
349737,3992.860906600952
349738,41154.54510498047
349739,14994.553733825684
349740,420.3541679382324
349741,4064.565689086914
349742,213010.71328735352
349743,527866.7431640625
349744,16653.089683532715
349745,27484.736083984375
349746,232469.423828125
349747,29750.72198486328
349748,-86.35565185546875
349749,210374.5234375
349750,54198.00923538208
349751,74458.9306640625
349752,70604.19213867188
349753,-10623.925384521484
349754,2472.3995361328125
349755,48320.621936798096
349756,274401.381729126
349757,32198.664794921875
349758,1141381.0532226562
349759,718.3057098388672
349760,595.4718017578125
349761,171878.1923828125
349762,85116.21508789062
349763,508414.04779815674
349764,531581.4392089844
349765,1840.5463218688965
349766,133557.3671875
349767,78997.77334594727
349768,1238.9122428894043
349769,24480.775466918945
349770,7554.847492218018
349771,127120.57958984375
349772,10798.102416992188
349773,9757.09603881836
349774,9832.271942138672
349775,19419.201446533203
349776,15995.142364501953
349777,235799.33459472656
349778,-990.279052734375
349779,24841.924194335938
349780,11603.12292098999
349781,4474.988189697266
349782,43974.98977661133
349783,-4238.37255859375
349784,2393.441162109375
349785,7384.851425170898
349786,962.3241634368896
349787,12128.036254882812
349788,-1134.4357604980469
349789,85055.27600097656
349790,246844.73974609375
349791,626505.98828125
349792,86234.87321472168
349793,27475.18505859375
349794,18065.700561523438
349795,-40259.98388671875
349796,42733.51596069336
349797,-62.09020284190774
349798,169.96735382080078
349799,2504445.8359375
349800,344817.21826171875
349801,17924.394149780273
349802,216943.83642578125
349803,259449.1513671875
349804,9679.587219238281
349805,1012.5490341186523
349806,15220.740234375
349807,-917.514404296875
349808,-712.685546875
349809,-3195.9033203125
349810,99330.20654296875
349811,5773.982666015625
349812,313364.5625
349813,56668.16015625
349814,19368.69921875
349815,179378.09497070312
349816,-1527.327392578125
349817,40128.920654296875
349818,125945.44116210938
349819,122271.14636230469
349820,83618.25677490234
349821,726.0196256637573
349822,16723.122100830078
349823,13223.257011413574
349824,55215.4753112793
349825,7110.647682189941
349826,49563.83270263672
349827,118138.4207611084
349828,94311.34740447998
349829,31526.02197265625
349830,11598.015747070312
349831,108350.19897460938
349832,5993.406768798828
349833,51849.871826171875
349834,78667.30862426758
349835,35686.3515625
349836,4605.7573318481445
349837,56169.42578125
349838,83132.119140625
349839,161681.90771484375
349840,9430.76480102539
349841,456.331241607666
349842,2297.7637939453125
349843,13574.46875
349844,55284.271484375
349845,2849.4140625
349846,7725.787109375
349847,288.3435859680176
349848,13972.225341796875
349849,-2593.121337890625
349850,-1688.278564453125
349851,46894.962890625
349852,109559.203125
349853,7925.01806640625
349854,1104603.69921875
349855,281180.7451171875
349856,10562.7900390625
349857,166016.54345703125
349858,2201445.80859375
349859,30685.703125
349860,23492.704040527344
349861,555112.099609375
349862,405321.830078125
349863,568304.8745117188
349864,798364.859375
349865,111900.19897460938
349866,118456.48040771484
349867,91.47346496582031
349868,4321.815002441406
349869,-413.61234283447266
349870,13200.246797561646
349871,77700.18872070312
349872,1381.0125732421875
349873,24790.121643066406
349874,382413.0612792969
349875,97295.24865722656
349876,569547.0922851562
349877,266431.82568359375
349878,99084.16052246094
349879,60320.25280761719
349880,882.6143441200256
349881,14504.124877929688
349882,267510.0471191406
349883,704480.1461181641
349884,311652.51025390625
349885,19489.676460266113
349886,25110.905151367188
349887,-102.37690162658691
349888,23973.242065429688
349889,2735.5129776000977
349890,83840.82598876953
349891,107134.05346679688
349892,10860.506103515625
349893,2428.867431640625
349894,1411.61763381958
349895,130234.23352050781
349896,552028.162109375
349897,68451.10302734375
349898,2195.0398712158203
349899,20977.906509399414
349900,-29.995180130004883
349901,204.96033143997192
349902,80410.92785644531
349903,158908.04638671875
349904,105476.70483398438
349905,250212.73046875
349906,343284.33544921875
349907,9802.32633972168
349908,5146.776834487915
349909,11649.753967285156
349910,1952.9229125976562
349911,1447.698917388916
349912,63926.9479675293
349913,15879.387878417969
349914,515397.4365234375
349915,3064.344757080078
349916,-0.2189619541168213
349917,61.333518981933594
349918,-3.7656829357147217
349919,-11.314621686935425
349920,828.2213134765625
349921,370.69661712646484
349922,58413.256103515625
349923,8249.350936889648
349924,783.1330299377441
349925,2842.6713066101074
349926,635.1515688896179
349927,283.3606872558594
349928,1231.803482055664
349929,27706.475158691406
349930,809511.7470703125
349931,479884.6201171875
349932,1080035.791015625
349933,347248.73193359375
349934,20028.517700195312
349935,8307.174377441406
349936,-1039.7141418457031
349937,20050.615661621094
349938,39468.35437011719
349939,63114.96032714844
349940,202251.7523803711
349941,84591.87719726562
349942,239991.09716796875
349943,-219.15962409973145
349944,7927.583984375
349945,19017.450942993164
349946,1730.6756591796875
349947,-233.0640869140625
349948,303.80882263183594
349949,-161.6204833984375
349950,121063.2730102539
349951,649182.6860351562
349952,270626.1267089844
349953,540670.3471679688
349954,23561.655212402344
349955,2536.8839721679688
349956,31903.025004386902
349957,133236.888671875
349958,873.3011627197266
349959,-126.45907592773438
349960,-35.44260501861572
349961,-73.87481474876404
349962,3036.022041320801
349963,39477.814392089844
349964,14103.33489227295
349965,526179.8388671875
349966,521842.7802734375
349967,210737.60501098633
349968,14769.331130981445
349969,413.324764251709
349970,4770.5466232299805
350191,1738.2265930175781
350192,28473.030700683594
350193,274877.353515625
350194,31979.691436767578
350195,-236.123046875
350196,182875.46875
350197,68601.75895309448
350198,80383.78198242188
350199,81966.82006835938
350200,-4487.864562988281
350201,-274.2606201171875
350202,53396.61651611328
350203,286785.9034729004
350204,29622.099853515625
350205,1741.2542419433594
350206,183772.595703125
350207,94324.40478515625
350208,518688.98042297363
350209,548407.8295898438
350210,1759.673625946045
350211,124781.7744140625
350212,79474.85432434082
350213,1345.0124244689941
350214,22628.801300048828
350215,7893.424642562866
350216,135356.21557617188
350217,7072.69921875
350218,30186.673828125
350219,1703.1495971679688
350220,22109.911254882812
350221,18561.981079101562
350222,242251.8446044922
350223,6177.920654296875
350224,26186.64080810547
350225,11959.016788482666
350226,3283.6244506835938
350227,45705.59225463867
350228,-1697.6669921875
350229,689.0423583984375
350230,10254.681327819824
350231,2732.0255947113037
350232,13672.868530273438
350233,1179015.6264648438
350234,86594.2180480957
350235,281642.03955078125
350236,817965.2265625
350237,89093.08248901367
350238,34865.061279296875
350239,21037.52752685547
350240,-13959.318359375
350241,45811.381591796875
350242,35.25400835648179
350243,182.58822631835938
350244,2725105.87109375
350245,374804.34423828125
350246,9187.730590820312
350247,49711.28857421875
350248,296613.6455078125
350249,14794.672607421875
350250,860.2459335327148
350251,34426.8466796875
350252,2129.695068359375
350253,1288.5908203125
350254,14904.3671875
350255,124300.00415039062
350256,6346.369934082031
350257,82385.125
350258,11470.1953125
350259,3243.55078125
350260,189323.5400390625
350261,18685.67714691162
350262,201045.78662109375
350263,137414.64306640625
350264,129471.89343261719
350265,88809.91836547852
350266,81558.03015136719
350267,795.5552377700806
350268,17651.132385253906
350269,13553.671672821045
350270,66284.30279541016
350271,7804.529144287109
350272,36869.10028076172
350273,58161.89971923828
350274,131241.32678222656
350275,103595.58310699463
350276,23533.36328125
350277,6961.255615234375
350278,64505.3212890625
350279,79744.63198852539
350280,35873.02212524414
350281,4572.352993011475
350282,81952.708984375
350283,95405.49365234375
350284,179179.34814453125
350285,9594.570678710938
350286,286.01412200927734
350287,2261.1895599365234
350288,3179.998046875
350289,13682.458129882812
350290,111395.69653320312
350291,1337.38330078125
350292,297.86767387390137
350293,17175.4287109375
350294,5524.155517578125
350295,4255.883056640625
350296,64568.166015625
350297,253540.5390625
350298,23005.63623046875
350299,1145823.642578125
350300,301314.47119140625
350301,26972.322265625
350302,175123.482421875
350303,710.2996826171875
350304,2482139.060546875
350305,47173.69873046875
350306,37024.713623046875
350307,660477.62890625
350308,537026.474609375
350309,619140.6079101562
350310,1083135.74609375
350311,123719.65161132812
350312,122456.45227050781
350313,1779.8654022216797
350314,8881.094482421875
350315,11.004379272460938
350316,13891.188932418823
350317,86131.99694824219
350318,2986.5799713134766
350319,29976.218719482422
350320,425895.0783691406
350321,109163.77233886719
350322,586534.4027099609
350323,274306.22619628906
350324,103266.57250976562
350325,65058.06530761719
350326,898.7623472213745
350327,16405.152557373047
350328,275960.7365722656
350329,715471.3687744141
350330,323113.29943847656
350331,19822.04051208496
350332,26438.759857177734
350333,39.897010803222656
350334,11651.535430908203
350335,124370.65551757812
350336,2903.4698238372803
350337,175.77458238601685
350338,86144.4193725586
350339,12000.843475341797
350340,2170.7866020202637
350341,1289.0065307617188
350342,144443.0379638672
350343,687216.734375
350344,2074.245506286621
350345,18615.743446350098
350346,94.6518383026123
350347,23348.015869140625
350348,90157.20434570312
350349,171965.79327392578
350350,116223.68933105469
350351,275339.2421875
350352,371735.8359375
350353,10863.788925170898
350354,6309.919246673584
350355,12193.855895996094
350356,1404.3783416748047
350357,1806.770164489746
350358,69599.72186279297
350359,20031.923599243164
350360,616556.83203125
350361,494247.1022949219
350362,118.30459809303284
350363,332.3186836242676
350364,20.259374141693115
350365,1655.6139373779297
350366,1082.291015625
350367,69638.52783203125
350368,9200.556114196777
350369,751.5907764434814
350370,3100.703680038452
350371,874.1942467689514
350372,391.0748863220215
350373,1029.7389373779297
350374,2765.8328247070312
350375,862415.7216796875
350376,29510.74383544922
350377,1056980.5244140625
350378,336610.67529296875
350379,20208.914794921875
350380,9009.812072753906
350381,807.0574035644531
350382,24917.838989257812
350383,44544.64855957031
350384,73518.36743164062
350385,211129.14227294922
350386,85198.83666992188
350387,-1993.0038757324219
350388,275758.8291015625
350389,14481.104125976562
350390,-21.737980842590332
350391,348.9518280029297
350392,19862.956420898438
350393,-93.23828125
350394,-2251.2645263671875
350395,452.68242835998535
350396,5.651325225830078
350397,124255.46362304688
350398,684257.72265625
350399,285398.73779296875
350400,580853.1313476562
350401,25568.77279663086
350402,2221.6532287597656
350403,32761.504492759705
350404,137080.37438964844
350405,544464.2077636719
350406,-32.39944410324097
350407,81.27840805053711
350408,60.90964114665985
350409,4317.222389221191
350410,42767.05062866211
350411,15721.650657653809
350412,411.83660316467285
350413,4429.251846313477
350414,218467.26181030273
350415,536641.5903320312
350416,17425.90362548828
350417,27245.33349609375
350418,237272.275390625
350419,30042.66177368164
350420,-52.9376220703125
350421,212604.6181640625
350422,60227.25769615173
350423,72058.62670898438
350424,70877.40747070312
350425,-8218.845581054688
350426,1208.814208984375
350427,49859.41082763672
350428,269677.8091125488
350429,30428.877807617188
350430,1118470.3198242188
350431,1431.9185943603516
350432,1287.6570281982422
350433,181073.12915039062
350434,91170.5517578125
350435,503294.9536895752
350436,530744.2316894531
350437,1659.630958557129
350438,128326.46728515625
350439,75390.39636230469
350440,1196.7579307556152
350441,21001.034065246582
350442,7118.758371353149
350443,126532.4111328125
350444,9270.934692382812
350445,10765.046905517578
350446,10260.842712402344
350447,20940.23712158203
350448,16294.019348144531
350449,234970.36364746094
350450,1130.2803955078125
350451,24895.233489990234
350452,11488.779968261719
350453,3729.5885009765625
350454,43085.01803588867
350455,-2642.7401123046875
350456,1520.1600341796875
350457,8370.159339904785
350458,1617.3209915161133
350459,10846.479614257812
350460,-869.1804809570312
350461,83389.34973144531
350462,253801.58740234375
350463,673803.298828125
350464,84592.74545288086
350465,31817.954345703125
350466,18037.020629882812
350467,-32035.68408203125
350468,42488.89044189453
350469,-35.431660652160645
350470,151.77511024475098
350471,2532369.81640625
350472,349932.50390625
350473,17840.395084381104
350474,214112.794921875
350475,262063.57958984375
350476,12140.7412109375
350477,794.6710815429688
350478,22048.3212890625
350479,246.015869140625
350480,-22.293212890625
350481,6770.5234375
350482,83164.21264648438
350483,6328.5360107421875
350484,185158.0
350485,35633.34375
350486,9676.6171875
350487,176324.48803710938
350488,-558.320068359375
350489,42871.0771484375
350490,127023.42724609375
350491,121328.33557128906
350492,84252.45013427734
350493,563.0079336166382
350494,16389.158615112305
350495,13098.992296218872
350496,54181.16128540039
350497,7295.387969970703
350498,50123.01611328125
350499,121411.40808105469
350500,95390.05277252197
350501,32550.06365966797
350502,11201.740112304688
350503,105172.48461914062
350504,5939.839202880859
350505,57309.760498046875
350506,77624.71517944336
350507,34913.32684326172
350508,4028.388557434082
350509,63193.9169921875
350510,85513.1240234375
350511,163000.97021484375
350512,9147.178970336914
350513,345.28626251220703
350514,2387.3777770996094
350515,8824.771484375
350516,42932.1923828125
350517,6577.994140625
350518,3978.36767578125
350519,262.45336151123047
350520,12431.859130859375
350521,404.8857421875
350522,432.79052734375
350523,48000.9755859375
350524,145525.3203125
350525,10101.45654296875
350526,1094550.361328125
350527,277196.9921875
350528,14791.009765625
350529,164493.8319091797
350530,2332457.619140625
350531,37593.16943359375
350532,31142.170959472656
350533,574777.509765625
350534,460832.26953125
350535,575170.9145507812
350536,920867.31640625
350537,112467.94738769531
350538,117791.58502197266
350539,1126.9947509765625
350540,6792.285949707031
350541,-138.76157760620117
350542,13520.055477142334
350543,79515.74462890625
350544,2311.353225708008
350545,27426.47021484375
350546,397397.7619628906
350547,101440.09155273438
350548,562153.2310791016
350549,262558.2647705078
350550,98547.26440429688
350551,61321.357360839844
350552,814.022575378418
350553,14435.837097167969
350554,263392.7305908203
350555,689986.9154052734
350556,310321.7607421875
350557,18883.37322998047
350558,23881.350708007812
350559,-29.280780792236328
350560,23391.26235961914
350561,2812.882127761841
350562,82051.92593383789
350563,115137.93530273438
350564,11251.272659301758
350565,2322.1878242492676
350566,1350.9963264465332
350567,134653.03186035156
350568,601665.3046875
350569,73135.74743652344
350570,2014.0885391235352
350571,17689.189323425293
350572,22.017881393432617
350573,164.31958675384521
350574,84508.6000366211
350575,164534.5824584961
350576,109537.42431640625
350577,254565.5166015625
350578,348197.38232421875
350579,9735.589904785156
350580,5322.947353363037
350581,12302.097534179688
350582,1587.355972290039
350583,1402.22513961792
350584,68388.38461303711
350585,18277.883056640625
350586,568402.7573242188
350587,2948.9527587890625
350588,28.97754216194153
350589,174.96127700805664
350590,15.13977837562561
350591,-7.002822756767273
350592,1347.711814880371
350593,801.3367767333984
350594,59759.19580078125
350595,8719.4955368042
350596,684.0418529510498
350597,2837.2288818359375
350598,522.605402469635
350599,242.0184783935547
350600,1029.330795288086
350601,27888.709716796875
350602,820565.95703125
350603,479757.0341796875
350604,1007696.2841796875
350605,326425.4130859375
350606,18695.241302490234
350607,7078.177978515625
350608,-530.8605651855469
350609,20901.627380371094
350610,39036.111328125
350611,62854.61120605469
350612,201340.02752685547
350613,82769.7919921875
350614,251479.45751953125
350615,-230.76220607757568
350616,9128.490356445312
350617,18824.773971557617
350618,1081.49560546875
350619,-1527.4417724609375
350620,382.78467559814453
350621,-106.65631103515625
350622,118036.02697753906
350623,644889.943359375
350624,266752.3435058594
350625,533652.1284179688
350626,23688.509063720703
350627,2398.320343017578
350628,31942.00938129425
350629,131549.67944335938
350630,693.5440979003906
350631,-106.34786939620972
350632,24.272306442260742
350633,-32.35449719429016
350634,3490.4726524353027
350635,39736.379486083984
350636,14280.389198303223
350637,515507.78271484375
350638,522465.0390625
350639,210764.6163635254
350640,15587.17448425293
350641,411.26937675476074
350642,4248.222351074219
350643,165722.91723632812
350644,46608.050371170044
350645,87.75704956054688
350646,223.5462188720703
350647,27009.66961669922
350648,219989.0673828125
350649,29163.648651123047
350650,219654.5234375
350651,49114.793577194214
350652,72754.779296875
350653,66991.80810546875
350654,-12626.011505126953
350655,4067.2620849609375
350656,108987.23901367188
350657,81209.1865234375
350658,507134.9959564209
350659,526230.8747558594
350660,1903.5011367797852
350661,137453.0048828125
350662,79917.26077270508
350663,1206.1180381774902
350664,25726.143394470215
350665,7514.084499359131
350666,124466.63720703125
350667,12631.054565429688
350668,66790.966796875
350669,46153.511474609375
350670,236369.1875
350671,234565.6365966797
350672,-3654.7232666015625
350673,24486.760681152344
350674,11515.262710571289
350675,5020.997039794922
350676,43652.67626953125
350677,-5145.881195068359
350678,3259.585205078125
350679,6277.89387512207
350680,320.48594856262207
350681,8355.988861083984
350682,-2048.7330017089844
350683,84944.9125366211
350684,272227.54664611816
350685,562244.515625
350686,85842.2084350586
350687,24226.1171875
350688,17318.674072265625
350689,-49996.8095703125
350690,41555.156311035156
350691,-93.60945777595043
350692,185.5820140838623
350693,2434208.73828125
350694,334251.43701171875
350695,13318.489379882812
350696,1139114.9897460938
350697,33411.84375
350698,35771.28369140625
350699,7610.536804199219
350700,1089.6633987426758
350701,5415.2822265625
350702,-2438.8935546875
350703,-1711.5899658203125
350704,-12254.4052734375
350705,90071.61010742188
350706,5623.313415527344
350707,459065.90625
350708,80369.5546875
350709,28744.91015625
350710,176879.66625976562
350711,17627.52015686035
350712,248619.21240234375
350713,122372.43090820312
350714,120131.68591308594
350715,81502.31457519531
350716,748.9409503936768
350717,16364.542495727539
350718,13101.895845413208
350719,50901.522369384766
350720,6929.9423828125
350721,29832.590393066406
350722,47299.06591796875
350723,114222.25022888184
350724,91850.53609466553
350725,18325.53530883789
350726,288.69623947143555
350727,78824.47924804688
350728,35843.50143432617
350729,4816.451229095459
350730,48030.0517578125
350731,80337.8046875
350732,154911.75
350733,9472.087539672852
350734,540.4041137695312
350735,2318.342643737793
350736,19555.4267578125
350737,10892.54541015625
350738,-6407.609375
350739,11288.228515625
350740,5673.963073730469
350741,12503.445068359375
350742,-6236.96923828125
350743,-4308.327392578125
350744,39379.0830078125
350745,45403.1796875
350746,1844.4423828125
350747,1095118.43359375
350748,276046.29150390625
350749,3589.5654296875
350750,163701.83959960938
350751,-2625.886962890625
350752,223532.671875
350753,2091438.2265625
350754,17652.255004882812
350755,525413.158203125
350756,356510.103515625
350757,553707.0698242188
350758,690339.10546875
350759,108585.0771484375
350760,117385.94677734375
350761,-657.2668151855469
350762,2367.2295532226562
350763,-583.5891036987305
350764,12948.055910110474
350765,75065.27697753906
350766,691.8930358886719
350767,24148.425537109375
350768,365613.9697265625
350769,93047.22717285156
350770,567276.5004882812
350771,265718.06298828125
350772,98001.97692871094
350773,58404.58984375
350774,868.6358337402344
350775,13908.017333984375
350776,265157.0206298828
350777,703893.8743896484
350778,308665.0495605469
350779,19402.85629272461
350780,24938.67462158203
350781,76552.79833984375
350782,15266.795684814453
350783,100541.99731445312
350784,2627.926504135132
350785,83707.9867553711
350786,10445.398483276367
350787,2512.0938568115234
350788,1457.327398300171
350789,125451.66162109375
350790,504682.3046875
350791,64670.60900878906
350792,2276.1367988586426
350793,22919.484046936035
350794,-160.07594871520996
350795,9173.466766357422
350796,154361.46087646484
350797,101764.29211425781
350798,242282.48095703125
350799,334017.326171875
350800,9511.948608398438
350801,4755.790626525879
350802,11490.121459960938
350803,2225.022003173828
350804,1440.2474060058594
350805,61843.86738586426
350806,14084.577987670898
350807,473968.83740234375
350808,22483.51495361328
350809,1109073.150390625
350810,-47.71043395996094
350811,434.7469253540039
350812,66.18002319335938
350813,54708.69189453125
350814,7900.737350463867
350815,850.5144367218018
350816,2765.5197401046753
350817,578.004861831665
350818,265.02424240112305
350819,1414.7904968261719
350820,3285.0829467773438
350821,790162.4228515625
350822,475321.4396972656
350823,26968.205627441406
350824,357335.2841796875
350825,20511.997482299805
350826,8865.002136230469
350827,-1687.521255493164
350828,18359.093322753906
350829,37993.29504394531
350830,59997.26940917969
350831,200283.72131347656
350832,84648.02160644531
350833,-3819.9356079101562
350834,227619.5830078125
350835,24311.593673706055
350836,5650.9378662109375
350837,1095.6927947998047
350838,-23.37020778656006
350839,18792.396087646484
350840,241.47142791748047
350841,-231.6939697265625
350842,121143.65283203125
350843,640769.4965820312
350844,266991.8479003906
350845,529161.9931640625
350846,22925.6396484375
350847,2706.9273681640625
350848,31689.55789375305
350849,522638.23095703125
350850,132944.93029785156
350851,209129.67135620117
350852,518244.23046875
350853,-269.42696380615234
350854,-151.06159353256226
350855,-82.75371932983398
350856,-122.39129149913788
350857,2532.35129737854
350858,38367.519775390625
350859,13753.843238830566
350860,13513.700790405273
350861,409.56957626342773
350862,5059.623481750488
350863,27774.529296875
350864,250221.0283203125
350865,30636.21124267578
350866,-120.01484680175781
350867,202939.248046875
350868,65024.51014137268
350869,74608.64318847656
350870,74843.48852539062
350871,-6258.162414550781
350872,-119.4022216796875
350873,51619.60425949097
350874,273993.3571777344
350875,29660.37158203125
350876,1129971.5380859375
350877,1825.1145935058594
350878,1703.142578125
350879,186793.20361328125
350880,94817.5048828125
350881,506553.69441223145
350882,537396.7404785156
350883,1641.0377044677734
350884,125747.88232421875
350885,75284.45024108887
350886,1241.3990898132324
350887,20412.318450927734
350888,7291.7386112213135
350889,129656.14575195312
350890,7700.4544677734375
350891,12183.027160644531
350892,10892.989440917969
350893,21834.194793701172
350894,17072.33413696289
350895,236545.04553222656
350896,3686.990478515625
350897,25293.65640258789
350898,11624.973537445068
350899,3343.851348876953
350900,43684.26025390625
350901,-1875.3190307617188
350902,827.139892578125
350903,9475.632667541504
350904,2243.4498558044434
350905,9929.820434570312
350906,170.43557739257812
350907,83955.64868164062
350908,266376.5439453125
350909,737550.02734375
350910,85645.17727661133
350911,34429.88586425781
350912,18870.149780273438
350913,-22886.50048828125
350914,43950.781677246094
350915,-2.483841486275196
350916,143.00306129455566
350917,2605885.84765625
350918,360854.69873046875
350919,18241.025993347168
350920,207760.69287109375
350921,273831.00732421875
350922,13886.780883789062
350923,745.0208740234375
350924,29472.5888671875
350925,1388.71533203125
350926,761.499755859375
350927,13046.36328125
350928,98639.45532226562
350929,6556.6534423828125
350930,102973.9375
350931,20045.17578125
350932,4641.23046875
350933,179936.84814453125
350934,272.033935546875
350935,47071.701416015625
350936,130905.01708984375
350937,124133.32214355469
350938,86625.70791625977
350939,585.2362365722656
350940,16891.621383666992
350941,13278.880575180054
350942,59767.37417602539
350943,7473.405879974365
350944,52788.21911621094
350945,125591.12467956543
350946,98281.48983001709
350947,34294.48828125
350948,11978.184204101562
350949,106103.04516601562
350950,6310.927642822266
350951,62204.569091796875
350952,77719.26303100586
350953,34981.82859802246
350954,3953.6611862182617
350955,69814.7333984375
350956,87698.951171875
350957,169834.93115234375
350958,9218.833740234375
350959,278.7892608642578
350960,2352.742431640625
350961,5071.67578125
350962,34136.93359375
350963,14646.841796875
350964,1832.044921875
350965,272.57410049438477
350966,14187.90185546875
350967,3341.468994140625
350968,2591.97900390625
350969,54844.2470703125
350970,198963.09375
350971,15706.8564453125
350972,1106268.6640625
350973,283916.44970703125
350974,20287.7939453125
350975,167572.27380371094
350976,2430670.30078125
350977,43481.22314453125
350978,36131.572692871094
350979,604644.779296875
350980,503787.083984375
350981,591202.4594726562
350982,1017060.31640625
350983,116340.17065429688
350984,119259.89831542969
350985,1729.4771423339844
350986,8419.5810546875
350987,5.8021240234375
350988,13754.708480834961
350989,82143.79748535156
350990,2872.362030029297
350991,29493.11602783203
350992,413782.2585449219
350993,105331.76452636719
350994,567102.4840087891
350995,264403.9892578125
350996,99992.54779052734
350997,63287.31414794922
350998,850.4854431152344
350999,15139.585021972656
351000,267295.1340332031
351001,694663.6070556641
351002,314290.685546875
351003,19140.384048461914
351004,24389.147521972656
351005,19.590885162353516
351006,23088.833724975586
351007,2926.936876296997
351008,82688.66857910156
351009,120789.31958007812
351010,11630.132049560547
351011,2255.9299964904785
351012,1314.7500019073486
351013,139196.56518554688
351014,645411.931640625
351015,76471.92272949219
351016,1976.490707397461
351017,16246.500091552734
351018,72.5426893234253
351019,153.5169792175293
351020,88083.65362548828
351021,168621.00463867188
351022,112905.18310546875
351023,262579.81103515625
351024,357698.0634765625
351025,10170.750122070312
351026,5767.366621017456
351027,12524.964111328125
351028,1397.2235717773438
351029,1449.044548034668
351030,69835.4692993164
351031,19821.277252197266
351032,604529.2338867188
351033,2772.1175537109375
351034,53.197115659713745
351035,268.6859436035156
351036,25.149845361709595
351037,-6.9923378229141235
351038,1673.8143310546875
351039,1043.7876052856445
351040,63712.272705078125
351041,9016.464515686035
351042,638.2952671051025
351043,2940.2975282669067
351044,628.7304236888885
351045,286.1191864013672
351046,900.58349609375
351047,28594.53741455078
351048,839970.8720703125
351049,484990.06591796875
351050,996038.1767578125
351051,321596.34375
351052,18552.215866088867
351053,6971.737365722656
351054,123.78756713867188
351055,22675.256469726562
351056,40830.31457519531
351057,66537.38952636719
351058,204089.45611572266
351059,83328.07342529297
351060,262782.39208984375
351061,-164.06437015533447
351062,11437.786254882812
351063,19135.430633544922
351064,405.1136474609375
351065,-2217.2698974609375
351066,435.53809356689453
351067,-41.0354118347168
351068,118715.9340209961
351069,656011.2993164062
351070,272176.9921875
351071,549238.6342773438
351072,24398.793395996094
351073,2280.088897705078
351074,32214.65727329254
351075,132297.69384765625
351076,509.1661834716797
351077,-80.58585786819458
351078,69.93217182159424
351079,17.293131470680237
351080,3992.860906600952
351081,41154.54510498047
351082,14994.553733825684
351083,522440.1052246094
351084,527866.7431640625
351085,213010.71328735352
351086,16653.089683532715
351087,420.3541679382324
351088,4064.565689086914
351089,171878.1923828125
351090,48320.621936798096
351091,595.4718017578125
351092,718.3057098388672
351093,27484.736083984375
351094,232469.423828125
351095,29750.72198486328
351096,210374.5234375
351097,54198.00923538208
351098,74458.9306640625
351099,70604.19213867188
351100,-10623.925384521484
351101,2472.3995361328125
351102,108350.19897460938
351103,85116.21508789062
351104,508414.04779815674
351105,531581.4392089844
351106,1840.5463218688965
351107,133557.3671875
351108,78997.77334594727
351109,1238.9122428894043
351110,24480.775466918945
351111,7554.847492218018
351112,127120.57958984375
351113,10798.102416992188
351114,55284.271484375
351115,51849.871826171875
351116,246844.73974609375
351117,235799.33459472656
351118,-990.279052734375
351119,24841.924194335938
351120,11603.12292098999
351121,4474.988189697266
351122,43974.98977661133
351123,-4238.37255859375
351124,2393.441162109375
351125,7384.851425170898
351126,962.3241634368896
351127,9757.09603881836
351128,-1134.4357604980469
351129,85055.27600097656
351130,274401.381729126
351131,626505.98828125
351132,86234.87321472168
351133,27475.18505859375
351134,18065.700561523438
351135,-40259.98388671875
351136,42733.51596069336
351137,-62.09020284190774
351138,169.96735382080078
351139,2504445.8359375
351140,344817.21826171875
351141,12128.036254882812
351142,1141381.0532226562
351143,32198.664794921875
351144,40128.920654296875
351145,9679.587219238281
351146,1012.5490341186523
351147,15220.740234375
351148,-917.514404296875
351149,-712.685546875
351150,-3195.9033203125
351151,99330.20654296875
351152,5773.982666015625
351153,313364.5625
351154,56668.16015625
351155,19368.69921875
351156,179378.09497070312
351157,17924.394149780273
351158,259449.1513671875
351159,125945.44116210938
351160,122271.14636230469
351161,83618.25677490234
351162,726.0196256637573
351163,16723.122100830078
351164,13223.257011413574
351165,55215.4753112793
351166,7110.647682189941
351167,31526.02197265625
351168,49563.83270263672
351169,118138.4207611084
351170,94311.34740447998
351171,19419.201446533203
351172,288.3435859680176
351173,78667.30862426758
351174,35686.3515625
351175,4605.7573318481445
351176,56169.42578125
351177,83132.119140625
351178,161681.90771484375
351179,9430.76480102539
351180,456.331241607666
351181,2297.7637939453125
351182,13574.46875
351183,11598.015747070312
351184,2849.4140625
351185,7725.787109375
351186,5993.406768798828
351187,13972.225341796875
351188,-2593.121337890625
351189,-1688.278564453125
351190,46894.962890625
351191,109559.203125
351192,7925.01806640625
351193,1104603.69921875
351194,281180.7451171875
351195,10562.7900390625
351196,166016.54345703125
351197,-1527.327392578125
351198,216943.83642578125
351199,2201445.80859375
351200,23492.704040527344
351201,555112.099609375
351202,405321.830078125
351203,568304.8745117188
351204,798364.859375
351205,111900.19897460938
351206,118456.48040771484
351207,91.47346496582031
351208,4321.815002441406
351209,-413.61234283447266
351210,13200.246797561646
351211,77700.18872070312
351212,1381.0125732421875
351213,30685.703125
351214,382413.0612792969
351215,97295.24865722656
351216,569547.0922851562
351217,266431.82568359375
351218,99084.16052246094
351219,60320.25280761719
351220,882.6143441200256
351221,14504.124877929688
351222,267510.0471191406
351223,704480.1461181641
351224,311652.51025390625
351225,19489.676460266113
351226,25110.905151367188
351227,80410.92785644531
351228,15995.142364501953
351229,107134.05346679688
351230,2735.5129776000977
351231,83840.82598876953
351232,10860.506103515625
351233,2428.867431640625
351234,1411.61763381958
351235,130234.23352050781
351236,552028.162109375
351237,68451.10302734375
351238,2195.0398712158203
351239,20977.906509399414
351240,-102.37690162658691
351241,9832.271942138672
351242,158908.04638671875
351243,105476.70483398438
351244,250212.73046875
351245,343284.33544921875
351246,9802.32633972168
351247,5146.776834487915
351248,11649.753967285156
351249,1952.9229125976562
351250,1447.698917388916
351251,63926.9479675293
351252,15879.387878417969
351253,515397.4365234375
351254,24790.121643066406
351255,1080035.791015625
351256,61.333518981933594
351257,828.2213134765625
351258,370.69661712646484
351259,58413.256103515625
351260,8249.350936889648
351261,783.1330299377441
351262,2842.6713066101074
351263,635.1515688896179
351264,283.3606872558594
351265,1231.803482055664
351266,3064.344757080078
351267,809511.7470703125
351268,479884.6201171875
351269,27706.475158691406
351270,347248.73193359375
351271,20028.517700195312
351272,8307.174377441406
351273,-1039.7141418457031
351274,20050.615661621094
351275,39468.35437011719
351276,63114.96032714844
351277,202251.7523803711
351278,84591.87719726562
351279,-3380.5816040039062
351280,239991.09716796875
351281,23973.242065429688
351282,7927.583984375
351283,873.3011627197266
351284,-0.2189619541168213
351285,19017.450942993164
351286,303.80882263183594
351287,-161.6204833984375
351288,121063.2730102539
351289,649182.6860351562
351290,270626.1267089844
351291,540670.3471679688
351292,23561.655212402344
351293,2536.8839721679688
351294,31903.025004386902
351295,526179.8388671875
351296,133236.888671875
351297,210737.60501098633
351298,521842.7802734375
351299,-219.15962409973145
351300,-126.45907592773438
351301,-35.44260501861572
351302,-73.87481474876404
351303,3036.022041320801
351304,39477.814392089844
351305,14769.331130981445
351306,14103.33489227295
351307,413.324764251709
351308,4770.5466232299805
351309,181073.12915039062
351310,49859.41082763672
351311,1287.6570281982422
351312,1431.9185943603516
351313,27245.33349609375
351314,237272.275390625
351315,30042.66177368164
351316,212604.6181640625
351317,60227.25769615173
351318,72058.62670898438
351319,70877.40747070312
351320,-8218.845581054688
351321,1208.814208984375
351322,105172.48461914062
351323,91170.5517578125
351324,503294.9536895752
351325,530744.2316894531
351326,1659.630958557129
351327,128326.46728515625
351328,75390.39636230469
351329,1196.7579307556152
351330,21001.034065246582
351331,7118.758371353149
351332,126532.4111328125
351333,9270.934692382812
351334,42932.1923828125
351335,57309.760498046875
351336,253801.58740234375
351337,234970.36364746094
351338,1130.2803955078125
351339,24895.233489990234
351340,11488.779968261719
351341,3729.5885009765625
351342,43085.01803588867
351343,-2642.7401123046875
351344,1520.1600341796875
351345,8370.159339904785
351346,1617.3209915161133
351347,10765.046905517578
351348,-869.1804809570312
351349,83389.34973144531
351350,269677.8091125488
351351,673803.298828125
351352,84592.74545288086
351353,31817.954345703125
351354,18037.020629882812
351355,-32035.68408203125
351356,42488.89044189453
351357,-35.431660652160645
351358,151.77511024475098
351359,2532369.81640625
351360,349932.50390625
351361,10846.479614257812
351362,1118470.3198242188
351363,30428.877807617188
351364,42871.0771484375
351365,12140.7412109375
351366,794.6710815429688
351367,22048.3212890625
351368,246.015869140625
351369,-22.293212890625
351370,6770.5234375
351371,83164.21264648438
351372,6328.5360107421875
351373,185158.0
351374,35633.34375
351375,9676.6171875
351376,176324.48803710938
351377,17840.395084381104
351378,262063.57958984375
351379,127023.42724609375
351380,121328.33557128906
351381,84252.45013427734
351382,563.0079336166382
351383,16389.158615112305
351384,13098.992296218872
351385,54181.16128540039
351386,7295.387969970703
351387,32550.06365966797
351388,50123.01611328125
351389,121411.40808105469
351390,95390.05277252197
351391,20940.23712158203
351392,262.45336151123047
351393,77624.71517944336
351394,34913.32684326172
351395,4028.388557434082
351396,63193.9169921875
351397,85513.1240234375
351398,163000.97021484375
351399,9147.178970336914
351400,345.28626251220703
351401,2387.3777770996094
351402,8824.771484375
351403,11201.740112304688
351404,6577.994140625
351405,3978.36767578125
351406,5939.839202880859
351407,12431.859130859375
351408,404.8857421875
351409,432.79052734375
351410,48000.9755859375
351411,145525.3203125
351412,10101.45654296875
351413,1094550.361328125
351414,277196.9921875
351415,14791.009765625
351416,164493.8319091797
351417,-558.320068359375
351418,214112.794921875
351419,2332457.619140625
351420,31142.170959472656
351421,574777.509765625
351422,460832.26953125
351423,575170.9145507812
351424,920867.31640625
351425,112467.94738769531
351426,117791.58502197266
351427,1126.9947509765625
351428,6792.285949707031
351429,-138.76157760620117
351430,13520.055477142334
351431,79515.74462890625
351432,2311.353225708008
351433,37593.16943359375
351434,397397.7619628906
351435,101440.09155273438
351436,562153.2310791016
351437,262558.2647705078
351438,98547.26440429688
351439,61321.357360839844
351440,814.022575378418
351441,14435.837097167969
351442,263392.7305908203
351443,689986.9154052734
351444,310321.7607421875
351445,18883.37322998047
351446,23881.350708007812
351447,84508.6000366211
351448,16294.019348144531
351449,115137.93530273438
351450,2812.882127761841
351451,82051.92593383789
351452,11251.272659301758
351453,2322.1878242492676
351454,1350.9963264465332
351455,134653.03186035156
351456,601665.3046875
351457,73135.74743652344
351458,2014.0885391235352
351459,17689.189323425293
351460,-29.280780792236328
351461,10260.842712402344
351462,164534.5824584961
351463,109537.42431640625
351464,254565.5166015625
351465,348197.38232421875
351466,9735.589904785156
351467,5322.947353363037
351468,12302.097534179688
351469,1587.355972290039
351470,1402.22513961792
351471,68388.38461303711
351472,18277.883056640625
351473,568402.7573242188
351474,27426.47021484375
351475,1007696.2841796875
351476,174.96127700805664
351477,1347.711814880371
351478,801.3367767333984
351479,59759.19580078125
351480,8719.4955368042
351481,684.0418529510498
351482,2837.2288818359375
351483,522.605402469635
351484,242.0184783935547
351485,1029.330795288086
351486,2948.9527587890625
351487,820565.95703125
351488,479757.0341796875
351489,27888.709716796875
351490,326425.4130859375
351491,18695.241302490234
351492,7078.177978515625
351493,-530.8605651855469
351494,20901.627380371094
351495,39036.111328125
351496,62854.61120605469
351497,201340.02752685547
351498,82769.7919921875
351499,-2622.2496032714844
351500,251479.45751953125
351501,23391.26235961914
351502,9128.490356445312
351503,693.5440979003906
351504,28.97754216194153
351505,18824.773971557617
351506,382.78467559814453
351507,-106.65631103515625
351508,118036.02697753906
351509,644889.943359375
351510,266752.3435058594
351511,533652.1284179688
351512,23688.509063720703
351513,2398.320343017578
351514,31942.00938129425
351515,515507.78271484375
351516,131549.67944335938
351517,210764.6163635254
351518,522465.0390625
351519,-230.76220607757568
351520,-106.34786939620972
351521,24.272306442260742
351522,-32.35449719429016
351523,3490.4726524353027
351524,39736.379486083984
351525,15587.17448425293
351526,14280.389198303223
351527,411.26937675476074
351528,4248.222351074219
