Num,y
348622,2398.029635458719
348623,32266.635190472007
348624,313931.97654521465
348625,33992.08161301166
348626,-2136.0202009677887
348627,98628.61520159245
348628,60048.55291330814
348629,84322.6574986875
348630,94818.1996883899
348631,-10804.995088428259
348632,-10120.365594923496
348633,49698.8795145154
348634,268003.7065051794
348635,19832.729762524366
348636,2409.4122293088585
348637,152810.78032886982
348638,73134.6702812314
348639,503889.35097646713
348640,547263.5012821555
348641,1316.6192084485665
348642,95789.87890034914
348643,77103.2277803421
348644,1507.9122437821352
348645,21817.388203553855
348646,7326.6180800795555
348647,138834.47281254828
348648,1713.5339892730117
348649,-10064.15557616949
348650,1366.262476325035
348651,23471.39846803993
348652,19764.662366330624
348653,249046.10296572745
348654,10370.676287218928
348655,27008.81406062469
348656,11906.623972907662
348657,14.152504161000252
348658,46525.39613623917
348659,-4856.581419453025
348660,-4101.054528325796
348661,8982.526130095124
348662,1846.7347401827574
348663,13989.695891201496
348664,1069584.9302458763
348665,86462.79393567145
348666,210861.26148033142
348667,886279.2997484207
348668,82819.75731629133
348669,42085.150055176346
348670,24558.217683441937
348671,8060.990723371506
348672,45786.014200635254
348673,-35.67102386569604
348674,0.3967609442770481
348675,2892961.1301841736
348676,393645.52620720863
348677,1415.4560029804707
348678,52910.32319461554
348679,324368.50316381454
348680,19384.507972165942
348681,853.9184408048168
348682,33482.66792773828
348683,1954.2703634304926
348684,1041.5838668290526
348685,13902.452405840158
348686,84724.1863656044
348687,-1336.3183014392853
348688,29874.811795711517
348689,15942.477547049522
348690,127.9364253282547
348691,196701.55731919408
348692,17670.46235764399
348693,168450.20206299424
348694,143691.29264721274
348695,129568.60957658291
348696,88038.38900667429
348697,84998.53864049911
348698,494.45531847141683
348699,17881.82943003252
348700,13344.506235167384
348701,57506.199766516685
348702,7644.671644825488
348703,38487.093313381076
348704,55853.839307785034
348705,120037.85513925552
348706,96338.15137058496
348707,24026.875367954373
348708,8007.460358117707
348709,72722.85450180806
348710,79870.53186151385
348711,33550.379419364035
348712,3531.063739389181
348713,106252.59494931996
348714,105903.52597740293
348715,188085.73647640646
348716,7635.440613485873
348717,259.6191363816615
348718,2128.71355350269
348719,2980.9891623705626
348720,15202.5472728631
348721,88022.32222771645
348722,886.1662875115871
348723,127.54894070373848
348724,17234.29359478783
348725,6107.5357409492135
348726,4279.247662164271
348727,67567.75376809388
348728,290717.3223547004
348729,21668.776319146156
348730,1245629.4701102674
348731,322358.55265939236
348732,25846.24893194437
348733,179709.5884372294
348734,280.3790451399982
348735,2503376.1323070526
348736,55188.521796405315
348737,39338.57288533449
348738,711926.6919503212
348739,606244.498677969
348740,615263.8486027718
348741,1186235.5019874573
348742,123526.36277616024
348743,122094.9810937047
348744,3046.525332729332
348745,12416.025985851884
348746,-410.14108921959996
348747,13374.403447013348
348748,90107.39320525527
348749,4155.918938966468
348750,30662.32142199576
348751,422862.41827082634
348752,116137.91410213709
348753,577132.5993885994
348754,277268.8780552745
348755,103273.55048593879
348756,67723.14121326804
348757,750.3536648214795
348758,17630.670746844262
348759,273754.03821122646
348760,704844.3332155943
348761,322377.002468884
348762,19671.22982124798
348763,27074.115245454013
348764,138.11182595044374
348765,13722.931759589352
348766,134347.61033052206
348767,2595.2453876985237
348768,92.17204634170048
348769,86032.85902838409
348770,12874.43598043546
348771,1852.371187381912
348772,1145.3772020131582
348773,148694.6636095047
348774,715875.7447013855
348775,1528.5371915791184
348776,18227.94201593846
348777,144.1732087242417
348778,25358.801171839237
348779,90428.53567188978
348780,170723.91104364395
348781,119498.81663537025
348782,294178.44188159704
348783,389019.02934235334
348784,7998.746297299862
348785,5478.497944653034
348786,4128.322680354118
348787,-336.79831670224667
348788,954.8142216354609
348789,67284.88924148679
348790,19812.189959719777
348791,619179.8065481186
348792,505915.67589247227
348793,5.6297387992963195
348794,586.8259221825283
348795,29.030223893219954
348796,2123.300772962626
348797,1629.90583244944
348798,76245.33974388242
348799,9356.131300114095
348800,441.29127582348883
348801,2724.892682913691
348802,497.31979496218264
348803,-76.2272707503289
348804,-411.8239117823541
348805,557.6340814679861
348806,903078.2621040344
348807,34835.078010462224
348808,880463.238904953
348809,261497.74711751938
348810,16916.2066424191
348811,-68.38308209180832
348812,580.7538806572556
348813,26593.27862353623
348814,48383.28901189566
348815,79225.48701697588
348816,206407.60880345106
348817,78189.0023560524
348818,-5360.214512214065
348819,304450.5282496214
348820,19471.071143358946
348821,-138.6556539228186
348822,-1142.7732721194625
348823,20255.911718919873
348824,-10614.892918586731
348825,-17242.31975442171
348826,530.1418879402336
348827,175.3877007488918
348828,125616.2524497211
348829,692597.8383257389
348830,283269.04252648354
348831,581640.4173688889
348832,26509.821020066738
348833,198.9402704834938
348834,31816.23151113093
348835,140184.90264680982
348836,547337.0611106157
348837,-67.01860445691273
348838,-93.38567426428199
348839,-20.742444405332208
348840,3679.616334155202
348841,36267.57625210285
348842,13404.258783221245
348843,227.27458516694605
348844,3396.0169887170196
348845,207013.94868314266
348846,487113.6633718014
348847,14971.364150196314
349519,2621.1192655137274
349520,31911.713816575706
349521,313383.00360906124
349522,33890.243691027164
349523,-1865.5788412950933
349524,109031.37675476074
349525,64877.27050155401
349526,84713.30544266105
349527,94568.94643588364
349528,-8388.960044443607
349529,-9453.8156683743
349530,51487.33822277188
349531,272614.01932799816
349532,20929.922160357237
349533,2627.3866164833307
349534,163507.0999262333
349535,79957.26051729918
349536,507043.43419599533
349537,551007.4074449539
349538,1358.421158564277
349539,99136.51019775867
349540,76672.73223650455
349541,1492.0690855644352
349542,21058.065709270537
349543,7462.9997765645385
349544,139588.63603191078
349545,1752.3132919445634
349546,-7105.555612444878
349547,2012.2767191827297
349548,23919.686194472015
349549,19931.889579579234
349550,248142.4228118211
349551,11300.399376749992
349552,27035.091858007014
349553,11969.246363099664
349554,282.60446094721556
349555,46518.87960138172
349556,-3699.362017199397
349557,-3804.328815959394
349558,9980.178007736802
349559,2432.4699681922793
349560,14839.901537448168
349561,1089693.560602188
349562,86487.94145454466
349563,230996.8633081913
349564,912614.6766266823
349565,84184.36501452327
349566,42889.3024286367
349567,24243.138151213527
349568,10106.388215988874
349569,46667.369963392615
349570,-2.6810592245310545
349571,18.27839755639434
349572,2902986.6551656723
349573,396871.0245280266
349574,2159.3482077270746
349575,54723.19279747456
349576,325165.69716751575
349577,19855.113747943193
349578,766.105455969926
349579,33550.698976701126
349580,1997.9715289417654
349581,1140.9359019529074
349582,14459.461637884378
349583,98948.543851614
349584,241.37525367736816
349585,73004.25522851944
349586,16329.216574430466
349587,2839.247450441122
349588,196726.0596626699
349589,18111.510406132787
349590,170138.06304344535
349591,144638.11668211222
349592,130922.70388200879
349593,89745.04403798282
349594,86245.99315792322
349595,528.7539087664336
349596,18121.47273649834
349597,13481.16606573388
349598,62506.962182700634
349599,7761.190020225942
349600,39186.16555689275
349601,57509.99725931883
349602,124459.41776120663
349603,99062.65357506275
349604,24937.012491971254
349605,8014.4959173174575
349606,73951.78183194436
349607,79569.65137584507
349608,33858.859809719026
349609,3543.9019948393106
349610,102632.25002788007
349611,103239.65868961811
349612,188352.58018828928
349613,7973.272172175348
349614,219.73051475186367
349615,2154.330806357786
349616,3943.8254318088293
349617,15010.647325456375
349618,92756.55199205875
349619,1235.249965209514
349620,161.42274214420468
349621,17129.097191018984
349622,6915.779327638447
349623,5002.863323740661
349624,67607.72251465917
349625,293610.9022949431
349626,23112.17365282774
349627,1230746.775286287
349628,321126.2648553848
349629,26243.911935806274
349630,180108.94178512692
349631,433.88887041434646
349632,2571494.625787735
349633,57978.503824949265
349634,42884.80703884363
349635,717645.6514482498
349636,623596.1028802395
349637,624236.0987257957
349638,1235704.2524852753
349639,125451.49422973394
349640,122805.58121606708
349641,3311.0296353492886
349642,13053.1306704171
349643,-217.79470246843994
349644,13634.701885979623
349645,90870.53972795606
349646,4392.148948621936
349647,32159.220201909542
349648,434763.2686070204
349649,117441.69305831194
349650,579444.3852161169
349651,276524.45613473654
349652,103886.66114678979
349653,68561.91478943825
349654,798.0269279880449
349655,17771.89380886033
349656,275832.09196186066
349657,706905.0303966999
349658,324223.3212160468
349659,19789.520129350945
349660,27019.751470386982
349661,163.6553940025624
349662,13745.49706389103
349663,136616.6836769879
349664,2747.620155647397
349665,91.4240329421591
349666,85968.66568985581
349667,12967.499649977311
349668,1868.8355267124716
349669,1145.3349179141806
349670,150765.84058350325
349671,739512.9626703262
349672,1576.431989448145
349673,16690.392814576626
349674,173.18972559575923
349675,24709.941499486566
349676,92961.24661293626
349677,173720.55763173103
349678,121112.64018279314
349679,295217.95807385445
349680,391332.1078122854
349681,8739.718290030956
349682,5895.528907969594
349683,5790.372838258743
349684,-188.1385123282671
349685,1080.4107479043305
349686,68926.26999855042
349687,21085.43365946412
349688,646365.8007111549
349689,506542.8686853945
349690,33.960237310267985
349691,591.6871153174434
349692,37.03594711302139
349693,2312.8427820676006
349694,1726.46776570566
349695,77295.64637428522
349696,9541.005719587207
349697,438.28658825159073
349698,2847.7407344020903
349699,607.896936327219
349700,23.90801707468927
349701,-286.82232369855046
349702,801.8462451398373
349703,907954.9617823958
349704,34317.83569010347
349705,891207.4737462997
349706,268100.7065241337
349707,17086.421719670296
349708,1083.4947818517685
349709,1039.6763847023249
349710,27364.759930089116
349711,48531.704032287
349712,80025.79117512703
349713,208264.77146035433
349714,79553.83855944872
349715,-4456.738376632333
349716,306426.6715018153
349717,19959.31471338868
349718,-88.17532225046307
349719,-1003.8247313275933
349720,20314.583243709058
349721,-9406.307213515043
349722,-15385.891090780497
349723,556.9496326649096
349724,189.7145121556532
349725,124961.48422172666
349726,695319.1078364849
349727,285785.5415535569
349728,588777.4661114216
349729,26723.347631834447
349730,467.9609126485884
349731,32111.02552779019
349732,139412.48479373753
349733,548665.0972793102
349734,-48.18142637377605
349735,-27.009377982467413
349736,26.860611736774445
349737,4148.701437994838
349738,38296.505497545004
349739,14272.686484590173
349740,268.75594800012186
349741,3362.4109421670437
349742,209920.4380440712
349743,498739.80052280426
349744,16145.707105070353
349745,33249.25789553672
349746,320475.79259109497
349747,34284.708936944604
349748,-2560.084465626627
349749,79528.54265844822
349750,53992.85374712944
349751,88538.2026874125
349752,98088.54329952598
349753,-13592.859764754772
349754,-10533.650780290365
349755,48136.329833716154
349756,272479.48944187164
349757,20034.144461795688
349758,1085259.969736576
349759,1827.414143006783
349760,1883.2617828585207
349761,139432.6364452839
349762,64410.78110593557
349763,509096.4238703251
349764,550545.7823140621
349765,1446.764224210754
349766,94186.05075871944
349767,81102.8914770782
349768,1615.0925683502865
349769,25452.12223901227
349770,7793.473229624331
349771,141852.11141903698
349772,1948.8466321974993
349773,13459.036350801587
349774,13806.796599972993
349775,22325.008662842214
349776,19979.487094566226
349777,251958.4723571688
349778,9617.819545224309
349779,27268.343030534685
349780,12082.813435468823
349781,209.61786349862814
349782,47924.59003864229
349783,-6779.892159879208
349784,-4059.7886110544205
349785,8087.856702044606
349786,1225.6942263767123
349787,1301.094345524907
349788,1431.882794931531
349789,88583.63121801615
349790,197548.6699631214
349791,870431.2906885147
349792,84199.45904180408
349793,39262.06339977647
349794,25552.122330226004
349795,5334.65674623847
349796,46518.65831115842
349797,-62.36499502370134
349798,-3.817023044452071
349799,2918409.4955391884
349800,395000.3536493182
349801,17706.409183114767
349802,164522.56696638465
349803,330976.03971517086
349804,17995.528634369373
349805,1117.1225438313559
349806,36245.567916657776
349807,2223.528037633747
349808,1243.5114566767588
349809,10773.575310453773
349810,102385.76436805725
349811,-3025.3729911744595
349812,-31285.682620048523
349813,12143.24375744164
349814,-2222.7472664415836
349815,202771.24389225245
349816,154.86959363892674
349817,53006.98526223004
349818,145080.37444207072
349819,131731.0916981399
349820,87964.56541572511
349821,647.3203036282212
349822,18436.72827690281
349823,13505.110311359167
349824,59032.664071917534
349825,7511.630023382604
349826,56142.8945004344
349827,116561.56353616714
349828,95399.77733033895
349829,38341.81168282032
349830,16710.266340974486
349831,87335.24956786633
349832,8367.063563221134
349833,71621.35925977677
349834,81245.5363534838
349835,34121.669620260596
349836,4034.8217726126313
349837,111403.89672872424
349838,109288.35885289311
349839,193379.42866399884
349840,7695.26888038218
349841,334.95408109552227
349842,1965.4328564829193
349843,604.2198514789343
349844,-9654.797274649143
349845,25765.400529161096
349846,862.6598854623735
349847,133.47149818064645
349848,20619.280634606257
349849,4996.746965378523
349850,3431.1139781177044
349851,75103.88582060114
349852,318864.0092438422
349853,23341.08207806945
349854,1278044.540008217
349855,333026.8221734762
349856,28726.60094806552
349857,183484.43596971035
349858,2397662.5559682846
349859,50885.40376082063
349860,32902.28343626857
349861,712561.2026557922
349862,572257.0234458447
349863,614332.1009821892
349864,1103011.1005420685
349865,124595.40804326534
349866,123396.83677233756
349867,2295.1203556125984
349868,10777.944124989212
349869,-725.1596644092351
349870,13033.03631015122
349871,89859.5434680283
349872,3498.598748154938
349873,28504.92222481966
349874,411646.82844388485
349875,114168.54630085826
349876,586743.6079704762
349877,283319.80707514286
349878,104510.00033268332
349879,67669.5865676403
349880,809.5215805594344
349881,18171.83679929748
349882,279404.96747773886
349883,721536.6612284184
349884,325492.0896036029
349885,20394.14642057009
349886,28776.241682618856
349887,83.04563325247727
349888,26232.003063820302
349889,2485.6630778117105
349890,88410.99062012136
349891,129187.0183223784
349892,12723.919390661642
349893,1889.5116223483346
349894,1175.5641200411483
349895,146354.2154364586
349896,683143.2809128761
349897,82069.74665784836
349898,1637.620412826538
349899,21596.401830755174
349900,110.24077660939656
349901,125.04174981708638
349902,87207.09328445792
349903,166013.47856730223
349904,116912.51691395044
349905,295688.90121138096
349906,390148.1338279247
349907,7808.4065658301115
349908,5325.351004704833
349909,2266.150886952877
349910,-256.03203830495477
349911,934.06517438218
349912,62660.12047788501
349913,17640.7927724123
349914,573690.1704163551
349915,319.07884150743484
349916,-27.02255368884653
349917,552.7630881277728
349918,12.24206295645854
349919,-429.73938501486555
349920,1718.6078645978123
349921,1321.9050059975125
349922,77339.57049569488
349923,8980.217330832034
349924,504.4521083198488
349925,2713.707842057571
349926,606.1233519278467
349927,-81.98970622383058
349928,-422.6614477969706
349929,35680.99909018725
349930,904236.9799547791
349931,509915.0917158425
349932,933970.5463695526
349933,272710.8998615742
349934,17986.162057593465
349935,102.82626914978027
349936,236.43416391313076
349937,26584.70780724287
349938,50199.039870247245
349939,81908.94561377168
349940,208069.40358173847
349941,79333.06930470467
349942,300802.5975586772
349943,-113.42006565257907
349944,19801.005511164665
349945,20660.416284032166
349946,-11568.7478492558
349947,-18894.996562212706
349948,472.9768795603886
349949,162.5580448564433
349950,129765.47362014651
349951,703951.9897856712
349952,289587.51878398657
349953,595761.5471317768
349954,26800.55919059366
349955,11.966146301478148
349956,31758.630320377648
349957,143150.24093399942
349958,-1234.8158342968673
349959,-81.30855238391086
349960,-170.5155445476994
349961,-60.544022316113114
349962,3253.161525718868
349963,35495.58173650503
349964,13097.525411263108
349965,562720.2775025368
349966,481258.9265563488
349967,206431.7881474495
349968,14062.372592493892
349969,202.09627304365858
349970,3792.2034338749945
350191,2362.079603260616
350192,31715.467781297863
350193,324379.31153547764
350194,34529.97536315024
350195,-1731.9227794669569
350196,109277.01948964596
350197,68486.36277627945
350198,88303.11240191758
350199,97426.26011699438
350200,-6157.835336178541
350201,-7589.923580825329
350202,53292.955611526966
350203,285704.8745536804
350204,22779.78190816939
350205,2465.612342474982
350206,165522.56905913353
350207,82677.98050993681
350208,519072.80435979366
350209,559074.9223706722
350210,1538.1784677691758
350211,103401.8820797801
350212,80587.32397735119
350213,1542.9257036414929
350214,23124.0129163526
350215,8027.647215034813
350216,142872.45571163297
350217,2750.093882523477
350218,-173.84046894311905
350219,3146.656378492713
350220,23744.37412999198
350221,20803.101444639266
350222,251341.06126149
350223,12144.78036057949
350224,27551.456634979695
350225,12228.83384687826
350226,884.4323922395706
350227,47927.1694130823
350228,-3127.224799722433
350229,-2940.7802924364805
350230,10650.10881818831
350231,2880.1663919091225
350232,15755.141586661339
350233,1147448.5538229942
350234,88578.85268861055
350235,253913.91034197807
350236,955168.7071552277
350237,87948.19959825277
350238,41494.96294938144
350239,25248.501569382846
350240,12175.925350159407
350241,47940.45426107943
350242,35.09944282565266
350243,84.83772239740938
350244,2957952.785905361
350245,403031.4316344857
350246,3097.7757600694895
350247,55393.60328158736
350248,336846.19945156574
350249,19472.23610483855
350250,862.6781345657073
350251,35055.74695985112
350252,2223.65049380064
350253,1347.1049471208826
350254,14017.066368162632
350255,124105.92435717583
350256,1396.8948276638985
350257,97114.53033399582
350258,13347.97532364726
350259,4154.140457957983
350260,202481.75430047512
350261,18589.493503049016
350262,171559.78974866867
350263,148177.68958595395
350264,134792.93782573938
350265,91254.63668203354
350266,89218.26582598686
350267,751.2883233930916
350268,18615.00420922041
350269,13712.208948407322
350270,68431.40101891756
350271,8030.07431024313
350272,40702.856256231666
350273,61862.50051212311
350274,130354.37371873856
350275,104207.80484515429
350276,27597.16301076114
350277,8296.393757170998
350278,73229.2885490749
350279,81194.83747646213
350280,34992.91743397713
350281,4251.212285045534
350282,106324.35759016871
350283,106946.66788735986
350284,192053.62241624296
350285,8618.38629385084
350286,246.8343706736341
350287,2121.6738127404824
350288,3734.3142542392015
350289,15790.721800744068
350290,101570.72187936306
350291,1630.6954870894551
350292,210.75498164165765
350293,18775.43524246756
350294,7122.359235741198
350295,5333.876953698695
350296,71886.93680913746
350297,307777.9714534618
350298,26610.467712432146
350299,1243380.91427809
350300,330476.9327620864
350301,29608.69737073779
350302,184948.84964174032
350303,611.2016817107797
350304,2592507.3590250015
350305,58535.65724268556
350306,42317.42827987671
350307,749039.84177351
350308,630924.4379296303
350309,645030.0730729103
350310,1254493.63169384
350311,130860.47230786085
350312,125235.31157900393
350313,3019.3760768352076
350314,12512.547943841666
350315,-164.2352330107242
350316,13797.13612170145
350317,92971.40946269035
350318,4177.683086388744
350319,32065.725519552827
350320,442338.5326526165
350321,118654.69073149562
350322,596207.1251915693
350323,283805.4039207101
350324,106318.50731520355
350325,69191.92975010723
350326,857.6490167477168
350327,18468.17277278751
350328,282651.4096777439
350329,725065.3436547518
350330,330897.80712479353
350331,20330.788160007447
350332,28500.44398727268
350333,155.07734587881714
350334,13887.132185453549
350335,136775.04082676768
350336,2762.933867792599
350337,126.13094537262805
350338,88715.05260056257
350339,13048.979056853801
350340,1867.4089204273187
350341,1156.2307865766925
350342,153510.2300951481
350343,760966.5661773682
350344,1760.7073583435267
350345,18963.63564181328
350346,173.53197498316877
350347,24618.527195185423
350348,93979.92192804813
350349,175962.46759939194
350350,122656.12248331308
350351,300918.7475181818
350352,398095.85718131065
350353,9742.245890840888
350354,6410.363920561969
350355,6915.752397537231
350356,161.881960272789
350357,1517.8606647104025
350358,68887.15476939082
350359,21022.68132932484
350360,649345.4181733131
350361,511138.688134253
350362,103.22807296458632
350363,581.0350508860429
350364,30.222876112151425
350365,2156.439922797028
350366,1617.3281776048243
350367,80284.22993731499
350368,9611.654961008579
350369,594.8379039224237
350370,3028.164112312719
350371,857.8664106335491
350372,185.57203330658376
350373,99.13298178091645
350374,1221.6714081540704
350375,915696.9156757593
350376,33996.26627330482
350377,974821.520863533
350378,294684.5212829113
350379,19060.12743587792
350380,4395.017745196819
350381,1524.8672620356083
350382,28593.145223408937
350383,50580.46103732288
350384,84089.63707116246
350385,214401.46364712715
350386,82240.85425123572
350387,-3761.007368117571
350388,309964.1747433543
350389,21159.684595376253
350390,37.73856728896499
350391,-836.8250527959317
350392,20787.094112914056
350393,-7953.647192597389
350394,-13535.651735275984
350395,547.8363368450664
350396,186.15301425004145
350397,129150.29085373878
350398,715064.4453657866
350399,296064.17095279694
350400,611840.9145634174
350401,27390.59647601098
350402,801.4335259348154
350403,32680.285150423646
350404,142656.4518494457
350405,565017.5296931267
350406,-7.003108418080956
350407,5.302372966893017
350408,68.40796570945531
350409,4439.359340414405
350410,40527.1182577312
350411,15155.901396855712
350412,293.0244770934805
350413,3878.9518644064665
350414,216045.31934821606
350415,513813.92123913765
350416,17028.252505019307
350417,32266.635190472007
350418,313931.97654521465
350419,33992.08161301166
350420,-2136.0202009677887
350421,98628.61520159245
350422,60048.55291330814
350423,84322.6574986875
350424,94818.1996883899
350425,-10804.995088428259
350426,-10120.365594923496
350427,49698.8795145154
350428,268003.7065051794
350429,19832.729762524366
350430,1069584.9302458763
350431,2398.029635458719
350432,2409.4122293088585
350433,152810.78032886982
350434,73134.6702812314
350435,503889.35097646713
350436,547263.5012821555
350437,1316.6192084485665
350438,95789.87890034914
350439,77103.2277803421
350440,1507.9122437821352
350441,21817.388203553855
350442,7326.6180800795555
350443,138834.47281254828
350444,1713.5339892730117
350445,13989.695891201496
350446,13722.931759589352
350447,23471.39846803993
350448,19764.662366330624
350449,249046.10296572745
350450,10370.676287218928
350451,27008.81406062469
350452,11906.623972907662
350453,14.152504161000252
350454,46525.39613623917
350455,-4856.581419453025
350456,-4101.054528325796
350457,8982.526130095124
350458,1846.7347401827574
350459,1415.4560029804707
350460,1366.262476325035
350461,86462.79393567145
350462,210861.26148033142
350463,886279.2997484207
350464,82819.75731629133
350465,42085.150055176346
350466,24558.217683441937
350467,8060.990723371506
350468,45786.014200635254
350469,-35.67102386569604
350470,0.3967609442770481
350471,2892961.1301841736
350472,393645.52620720863
350473,17670.46235764399
350474,168450.20206299424
350475,324368.50316381454
350476,19384.507972165942
350477,853.9184408048168
350478,33482.66792773828
350479,1954.2703634304926
350480,1041.5838668290526
350481,13902.452405840158
350482,84724.1863656044
350483,-1336.3183014392853
350484,29874.811795711517
350485,15942.477547049522
350486,127.9364253282547
350487,196701.55731919408
350488,280.3790451399982
350489,52910.32319461554
350490,143691.29264721274
350491,129568.60957658291
350492,88038.38900667429
350493,494.45531847141683
350494,17881.82943003252
350495,13344.506235167384
350496,57506.199766516685
350497,7644.671644825488
350498,55853.839307785034
350499,120037.85513925552
350500,96338.15137058496
350501,38487.093313381076
350502,15202.5472728631
350503,88022.32222771645
350504,8007.460358117707
350505,72722.85450180806
350506,79870.53186151385
350507,33550.379419364035
350508,3531.063739389181
350509,106252.59494931996
350510,105903.52597740293
350511,188085.73647640646
350512,7635.440613485873
350513,259.6191363816615
350514,2128.71355350269
350515,2980.9891623705626
350516,-10064.15557616949
350517,24026.875367954373
350518,886.1662875115871
350519,127.54894070373848
350520,17234.29359478783
350521,6107.5357409492135
350522,4279.247662164271
350523,67567.75376809388
350524,290717.3223547004
350525,21668.776319146156
350526,1245629.4701102674
350527,322358.55265939236
350528,25846.24893194437
350529,179709.5884372294
350530,2503376.1323070526
350531,55188.521796405315
350532,39338.57288533449
350533,711926.6919503212
350534,606244.498677969
350535,615263.8486027718
350536,1186235.5019874573
350537,123526.36277616024
350538,122094.9810937047
350539,3046.525332729332
350540,12416.025985851884
350541,-410.14108921959996
350542,13374.403447013348
350543,90107.39320525527
350544,4155.918938966468
350545,30662.32142199576
350546,422862.41827082634
350547,116137.91410213709
350548,577132.5993885994
350549,277268.8780552745
350550,103273.55048593879
350551,67723.14121326804
350552,750.3536648214795
350553,17630.670746844262
350554,273754.03821122646
350555,704844.3332155943
350556,322377.002468884
350557,19671.22982124798
350558,27074.115245454013
350559,138.11182595044374
350560,25358.801171839237
350561,2595.2453876985237
350562,86032.85902838409
350563,134347.61033052206
350564,12874.43598043546
350565,1852.371187381912
350566,1145.3772020131582
350567,148694.6636095047
350568,715875.7447013855
350569,84998.53864049911
350570,1528.5371915791184
350571,18227.94201593846
350572,144.1732087242417
350573,92.17204634170048
350574,90428.53567188978
350575,170723.91104364395
350576,119498.81663537025
350577,294178.44188159704
350578,389019.02934235334
350579,7998.746297299862
350580,5478.497944653034
350581,4128.322680354118
350582,-336.79831670224667
350583,954.8142216354609
350584,67284.88924148679
350585,19812.189959719777
350586,619179.8065481186
350587,557.6340814679861
350588,5.6297387992963195
350589,586.8259221825283
350590,29.030223893219954
350591,-413.1847945828922
350592,2123.300772962626
350593,1629.90583244944
350594,76245.33974388242
350595,9356.131300114095
350596,441.29127582348883
350597,2724.892682913691
350598,497.31979496218264
350599,-76.2272707503289
350600,-411.8239117823541
350601,34835.078010462224
350602,903078.2621040344
350603,505915.67589247227
350604,880463.238904953
350605,261497.74711751938
350606,16916.2066424191
350607,-68.38308209180832
350608,580.7538806572556
350609,26593.27862353623
350610,48383.28901189566
350611,79225.48701697588
350612,206407.60880345106
350613,78189.0023560524
350614,304450.5282496214
350615,-138.6556539228186
350616,19471.071143358946
350617,20255.911718919873
350618,-10614.892918586731
350619,-17242.31975442171
350620,530.1418879402336
350621,175.3877007488918
350622,125616.2524497211
350623,692597.8383257389
350624,283269.04252648354
350625,581640.4173688889
350626,26509.821020066738
350627,198.9402704834938
350628,31816.23151113093
350629,140184.90264680982
350630,-1142.7732721194625
350631,-67.01860445691273
350632,-93.38567426428199
350633,-20.742444405332208
350634,3679.616334155202
350635,36267.57625210285
350636,13404.258783221245
350637,547337.0611106157
350638,487113.6633718014
350639,207013.94868314266
350640,14971.364150196314
350641,227.27458516694605
350642,3396.0169887170196
350643,127874.94070494175
350644,46393.072296738625
350645,1589.9734172467142
350646,1517.3292456923518
350647,33734.02599680424
350648,322649.13220858574
350649,34452.57731742412
350650,67021.73735260963
350651,48875.47821545601
350652,89178.35218200088
350653,99052.50274762511
350654,-16089.29497525096
350655,-11104.389820724726
350656,83555.3338675499
350657,57056.14776849747
350658,507930.99257826805
350659,548352.9182288051
350660,1444.1514643020928
350661,91218.25724411011
350662,82403.61172425747
350663,1651.5006376218225
350664,26886.649388305843
350665,7792.443151924759
350666,141938.57357265055
350667,2000.8533896878362
350668,-11797.097440183163
350669,70342.79455665126
350670,178864.96445178986
350671,253415.38755129278
350672,8719.70053461194
350673,27317.195871710777
350674,12074.825181772932
350675,45.41162634640932
350676,48259.91358804703
350677,-8110.582172051072
350678,-4268.1541513204575
350679,7097.954636707902
350680,627.7090348824859
350681,12674.329076319933
350682,944.8961415141821
350683,89060.76449373364
350684,269985.6453860998
350685,846785.1461558342
350686,83467.88305792212
350687,37975.59635861358
350688,26051.639232449234
350689,3155.919952750206
350690,45970.55227677524
350691,-93.93000484444201
350692,-17.138724682852626
350693,2917100.349911213
350694,392790.42825084925
350695,688.7834333628416
350696,1073649.3387327194
350697,19221.84247417748
350698,51526.858454711735
350699,17311.14275508374
350700,1246.5826852279715
350701,36790.78355115373
350702,2248.506793906912
350703,1207.656884518452
350704,9671.16641254723
350705,94867.41158127785
350706,-4641.198819249868
350707,-78699.08451414108
350708,10954.607673093677
350709,-4916.451659142971
350710,204167.9442870319
350711,17360.828025236726
350712,332055.84613263607
350713,144693.46916222572
350714,131166.78064620495
350715,86572.31516258419
350716,657.1376222670078
350717,18363.476505234838
350718,13430.679765002802
350719,55354.30077677965
350720,7397.691190648824
350721,37783.25855383277
350722,54973.589229404926
350723,112382.83486962318
350724,93120.19748425484
350725,21715.180451221764
350726,108.03682515816763
350727,81832.00054110587
350728,34018.28860732168
350729,4150.4507607370615
350730,115606.26785367727
350731,112338.46754786372
350732,194340.56058858335
350733,7447.618966951966
350734,384.39850979996845
350735,1910.4390781736001
350736,-682.3253183364868
350737,17198.852703930577
350738,25444.562804043293
350739,579.5483866482973
350740,8442.850945203565
350741,21438.277909529395
350742,4105.797542326152
350743,2667.90480119735
350744,76720.15660138428
350745,322522.7327896245
350746,22590.754113912582
350747,1297438.4336902201
350748,336525.11656725407
350749,29088.96097511053
350750,184078.2626902163
350751,7.792715601623058
350752,162382.88059678674
350753,2320326.4828624725
350754,28628.597528368235
350755,709078.6767334938
350756,551241.2121999264
350757,607398.163184166
350758,1045711.1499824524
350759,123394.13061374426
350760,123148.90835542977
350761,1913.3032318754122
350762,9898.350828740746
350763,-947.0113100111485
350764,12753.003664463758
350765,89249.25254762173
350766,3162.0726669207215
350767,47711.52268266678
350768,399715.37063622475
350769,112730.05131295323
350770,587336.3607163429
350771,285418.015766263
350772,104331.2585092932
350773,66977.6410376504
350774,783.372595296707
350775,18186.429916400462
350776,279032.5315210819
350777,723790.4228299856
350778,324809.019076705
350779,20457.927055574954
350780,29214.316184081137
350781,84480.57465720177
350782,19914.56269687414
350783,126266.94075036049
350784,2336.474786470644
350785,89039.11691506207
350786,12619.083576761186
350787,1882.9313961511943
350788,1181.9692629577476
350789,144255.73720103502
350790,657629.0413379669
350791,80556.85536146164
350792,1625.9029579441994
350793,23640.963316641748
350794,50.373634051997215
350795,13809.778605338186
350796,162649.99910664558
350797,115104.24970984459
350798,295330.7635550499
350799,388684.2868385315
350800,7186.026754826307
350801,4964.098689652979
350802,544.0803824067116
350803,-351.73994662985206
350804,841.0899236984551
350805,60366.103920549154
350806,16139.26959143579
350807,541967.7343132496
350808,26816.85676960647
350809,938686.9845261574
350810,541.5496876096004
350811,1473.3892906769179
350812,1175.7715048920363
350813,76786.37492099404
350814,8753.29829049483
350815,525.4311244320124
350816,2615.082923458889
350817,544.1432359609753
350818,-161.15963537618518
350819,-515.1548541337252
350820,82.7102667465806
350821,900660.0933436155
350822,510352.2020625472
350823,36270.54561332613
350824,270386.36287117004
350825,18129.574823856354
350826,-705.4294019937515
350827,-198.885043092072
350828,25981.159091696143
350829,50510.717637375
350830,81920.58952516317
350831,207070.05360865593
350832,78513.58398491144
350833,-7486.525071173906
350834,298556.63806295395
350835,26946.454728595912
350836,19501.37014839053
350837,-1363.4409438185394
350838,-54.63679156266153
350839,20708.927083481103
350840,438.8071926012635
350841,147.8410895463021
350842,131294.83285227418
350843,704658.2871121168
350844,289110.44946724176
350845,593426.2762582302
350846,26703.844611100852
350847,-238.40759436786175
350848,31521.120449215174
350849,565262.917689085
350850,144508.92741045356
350851,204106.904815197
350852,470902.87053251266
350853,-146.08100362308323
350854,-98.39318110700697
350855,-240.31728409044445
350856,-106.84082560893148
350857,2785.646081663668
350858,33722.21652904153
350859,12929.170987680554
350860,12340.416737884283
350861,163.17000876460224
350862,3918.3790671676397
350863,31911.713816575706
350864,313383.00360906124
350865,33890.243691027164
350866,-1865.5788412950933
350867,109031.37675476074
350868,64877.27050155401
350869,84713.30544266105
350870,94568.94643588364
350871,-8388.960044443607
350872,-9453.8156683743
350873,51487.33822277188
350874,272614.01932799816
350875,20929.922160357237
350876,1089693.560602188
350877,2621.1192655137274
350878,2627.3866164833307
350879,163507.0999262333
350880,79957.26051729918
350881,507043.43419599533
350882,551007.4074449539
350883,1358.421158564277
350884,99136.51019775867
350885,76672.73223650455
350886,1492.0690855644352
350887,21058.065709270537
350888,7462.9997765645385
350889,139588.63603191078
350890,1752.3132919445634
350891,14839.901537448168
350892,13745.49706389103
350893,23919.686194472015
350894,19931.889579579234
350895,248142.4228118211
350896,11300.399376749992
350897,27035.091858007014
350898,11969.246363099664
350899,282.60446094721556
350900,46518.87960138172
350901,-3699.362017199397
350902,-3804.328815959394
350903,9980.178007736802
350904,2432.4699681922793
350905,2159.3482077270746
350906,2012.2767191827297
350907,86487.94145454466
350908,230996.8633081913
350909,912614.6766266823
350910,84184.36501452327
350911,42889.3024286367
350912,24243.138151213527
350913,10106.388215988874
350914,46667.369963392615
350915,-2.6810592245310545
350916,18.27839755639434
350917,2902986.6551656723
350918,396871.0245280266
350919,18111.510406132787
350920,170138.06304344535
350921,325165.69716751575
350922,19855.113747943193
350923,766.105455969926
350924,33550.698976701126
350925,1997.9715289417654
350926,1140.9359019529074
350927,14459.461637884378
350928,98948.543851614
350929,241.37525367736816
350930,73004.25522851944
350931,16329.216574430466
350932,2839.247450441122
350933,196726.0596626699
350934,433.88887041434646
350935,54723.19279747456
350936,144638.11668211222
350937,130922.70388200879
350938,89745.04403798282
350939,528.7539087664336
350940,18121.47273649834
350941,13481.16606573388
350942,62506.962182700634
350943,7761.190020225942
350944,57509.99725931883
350945,124459.41776120663
350946,99062.65357506275
350947,39186.16555689275
350948,15010.647325456375
350949,92756.55199205875
350950,8014.4959173174575
350951,73951.78183194436
350952,79569.65137584507
350953,33858.859809719026
350954,3543.9019948393106
350955,102632.25002788007
350956,103239.65868961811
350957,188352.58018828928
350958,7973.272172175348
350959,219.73051475186367
350960,2154.330806357786
350961,3943.8254318088293
350962,-7105.555612444878
350963,24937.012491971254
350964,1235.249965209514
350965,161.42274214420468
350966,17129.097191018984
350967,6915.779327638447
350968,5002.863323740661
350969,67607.72251465917
350970,293610.9022949431
350971,23112.17365282774
350972,1230746.775286287
350973,321126.2648553848
350974,26243.911935806274
350975,180108.94178512692
350976,2571494.625787735
350977,57978.503824949265
350978,42884.80703884363
350979,717645.6514482498
350980,623596.1028802395
350981,624236.0987257957
350982,1235704.2524852753
350983,125451.49422973394
350984,122805.58121606708
350985,3311.0296353492886
350986,13053.1306704171
350987,-217.79470246843994
350988,13634.701885979623
350989,90870.53972795606
350990,4392.148948621936
350991,32159.220201909542
350992,434763.2686070204
350993,117441.69305831194
350994,579444.3852161169
350995,276524.45613473654
350996,103886.66114678979
350997,68561.91478943825
350998,798.0269279880449
350999,17771.89380886033
351000,275832.09196186066
351001,706905.0303966999
351002,324223.3212160468
351003,19789.520129350945
351004,27019.751470386982
351005,163.6553940025624
351006,24709.941499486566
351007,2747.620155647397
351008,85968.66568985581
351009,136616.6836769879
351010,12967.499649977311
351011,1868.8355267124716
351012,1145.3349179141806
351013,150765.84058350325
351014,739512.9626703262
351015,86245.99315792322
351016,1576.431989448145
351017,16690.392814576626
351018,173.18972559575923
351019,91.4240329421591
351020,92961.24661293626
351021,173720.55763173103
351022,121112.64018279314
351023,295217.95807385445
351024,391332.1078122854
351025,8739.718290030956
351026,5895.528907969594
351027,5790.372838258743
351028,-188.1385123282671
351029,1080.4107479043305
351030,68926.26999855042
351031,21085.43365946412
351032,646365.8007111549
351033,801.8462451398373
351034,33.960237310267985
351035,591.6871153174434
351036,37.03594711302139
351037,-402.51347843091935
351038,2312.8427820676006
351039,1726.46776570566
351040,77295.64637428522
351041,9541.005719587207
351042,438.28658825159073
351043,2847.7407344020903
351044,607.896936327219
351045,23.90801707468927
351046,-286.82232369855046
351047,34317.83569010347
351048,907954.9617823958
351049,506542.8686853945
351050,891207.4737462997
351051,268100.7065241337
351052,17086.421719670296
351053,1083.4947818517685
351054,1039.6763847023249
351055,27364.759930089116
351056,48531.704032287
351057,80025.79117512703
351058,208264.77146035433
351059,79553.83855944872
351060,306426.6715018153
351061,-88.17532225046307
351062,19959.31471338868
351063,20314.583243709058
351064,-9406.307213515043
351065,-15385.891090780497
351066,556.9496326649096
351067,189.7145121556532
351068,124961.48422172666
351069,695319.1078364849
351070,285785.5415535569
351071,588777.4661114216
351072,26723.347631834447
351073,467.9609126485884
351074,32111.02552779019
351075,139412.48479373753
351076,-1003.8247313275933
351077,-48.18142637377605
351078,-27.009377982467413
351079,26.860611736774445
351080,4148.701437994838
351081,38296.505497545004
351082,14272.686484590173
351083,548665.0972793102
351084,498739.80052280426
351085,209920.4380440712
351086,16145.707105070353
351087,268.75594800012186
351088,3362.4109421670437
351089,139432.6364452839
351090,48136.329833716154
351091,1883.2617828585207
351092,1827.414143006783
351093,33249.25789553672
351094,320475.79259109497
351095,34284.708936944604
351096,79528.54265844822
351097,53992.85374712944
351098,88538.2026874125
351099,98088.54329952598
351100,-13592.859764754772
351101,-10533.650780290365
351102,87335.24956786633
351103,64410.78110593557
351104,509096.4238703251
351105,550545.7823140621
351106,1446.764224210754
351107,94186.05075871944
351108,81102.8914770782
351109,1615.0925683502865
351110,25452.12223901227
351111,7793.473229624331
351112,141852.11141903698
351113,1948.8466321974993
351114,-9654.797274649143
351115,71621.35925977677
351116,197548.6699631214
351117,251958.4723571688
351118,9617.819545224309
351119,27268.343030534685
351120,12082.813435468823
351121,209.61786349862814
351122,47924.59003864229
351123,-6779.892159879208
351124,-4059.7886110544205
351125,8087.856702044606
351126,1225.6942263767123
351127,13459.036350801587
351128,1431.882794931531
351129,88583.63121801615
351130,272479.48944187164
351131,870431.2906885147
351132,84199.45904180408
351133,39262.06339977647
351134,25552.122330226004
351135,5334.65674623847
351136,46518.65831115842
351137,-62.36499502370134
351138,-3.817023044452071
351139,2918409.4955391884
351140,395000.3536493182
351141,1301.094345524907
351142,1085259.969736576
351143,20034.144461795688
351144,53006.98526223004
351145,17995.528634369373
351146,1117.1225438313559
351147,36245.567916657776
351148,2223.528037633747
351149,1243.5114566767588
351150,10773.575310453773
351151,102385.76436805725
351152,-3025.3729911744595
351153,-31285.682620048523
351154,12143.24375744164
351155,-2222.7472664415836
351156,202771.24389225245
351157,17706.409183114767
351158,330976.03971517086
351159,145080.37444207072
351160,131731.0916981399
351161,87964.56541572511
351162,647.3203036282212
351163,18436.72827690281
351164,13505.110311359167
351165,59032.664071917534
351166,7511.630023382604
351167,38341.81168282032
351168,56142.8945004344
351169,116561.56353616714
351170,95399.77733033895
351171,22325.008662842214
351172,133.47149818064645
351173,81245.5363534838
351174,34121.669620260596
351175,4034.8217726126313
351176,111403.89672872424
351177,109288.35885289311
351178,193379.42866399884
351179,7695.26888038218
351180,334.95408109552227
351181,1965.4328564829193
351182,604.2198514789343
351183,16710.266340974486
351184,25765.400529161096
351185,862.6598854623735
351186,8367.063563221134
351187,20619.280634606257
351188,4996.746965378523
351189,3431.1139781177044
351190,75103.88582060114
351191,318864.0092438422
351192,23341.08207806945
351193,1278044.540008217
351194,333026.8221734762
351195,28726.60094806552
351196,183484.43596971035
351197,154.86959363892674
351198,164522.56696638465
351199,2397662.5559682846
351200,32902.28343626857
351201,712561.2026557922
351202,572257.0234458447
351203,614332.1009821892
351204,1103011.1005420685
351205,124595.40804326534
351206,123396.83677233756
351207,2295.1203556125984
351208,10777.944124989212
351209,-725.1596644092351
351210,13033.03631015122
351211,89859.5434680283
351212,3498.598748154938
351213,50885.40376082063
351214,411646.82844388485
351215,114168.54630085826
351216,586743.6079704762
351217,283319.80707514286
351218,104510.00033268332
351219,67669.5865676403
351220,809.5215805594344
351221,18171.83679929748
351222,279404.96747773886
351223,721536.6612284184
351224,325492.0896036029
351225,20394.14642057009
351226,28776.241682618856
351227,87207.09328445792
351228,19979.487094566226
351229,129187.0183223784
351230,2485.6630778117105
351231,88410.99062012136
351232,12723.919390661642
351233,1889.5116223483346
351234,1175.5641200411483
351235,146354.2154364586
351236,683143.2809128761
351237,82069.74665784836
351238,1637.620412826538
351239,21596.401830755174
351240,83.04563325247727
351241,13806.796599972993
351242,166013.47856730223
351243,116912.51691395044
351244,295688.90121138096
351245,390148.1338279247
351246,7808.4065658301115
351247,5325.351004704833
351248,2266.150886952877
351249,-256.03203830495477
351250,934.06517438218
351251,62660.12047788501
351252,17640.7927724123
351253,573690.1704163551
351254,28504.92222481966
351255,933970.5463695526
351256,552.7630881277728
351257,1718.6078645978123
351258,1321.9050059975125
351259,77339.57049569488
351260,8980.217330832034
351261,504.4521083198488
351262,2713.707842057571
351263,606.1233519278467
351264,-81.98970622383058
351265,-422.6614477969706
351266,319.07884150743484
351267,904236.9799547791
351268,509915.0917158425
351269,35680.99909018725
351270,272710.8998615742
351271,17986.162057593465
351272,102.82626914978027
351273,236.43416391313076
351274,26584.70780724287
351275,50199.039870247245
351276,81908.94561377168
351277,208069.40358173847
351278,79333.06930470467
351279,-6523.802036866546
351280,300802.5975586772
351281,26232.003063820302
351282,19801.005511164665
351283,-1234.8158342968673
351284,-27.02255368884653
351285,20660.416284032166
351286,472.9768795603886
351287,162.5580448564433
351288,129765.47362014651
351289,703951.9897856712
351290,289587.51878398657
351291,595761.5471317768
351292,26800.55919059366
351293,11.966146301478148
351294,31758.630320377648
351295,562720.2775025368
351296,143150.24093399942
351297,206431.7881474495
351298,481258.9265563488
351299,-113.42006565257907
351300,-81.30855238391086
351301,-170.5155445476994
351302,-60.544022316113114
351303,3253.161525718868
351304,35495.58173650503
351305,14062.372592493892
351306,13097.525411263108
351307,202.09627304365858
351308,3792.2034338749945
351309,152810.78032886982
351310,49698.8795145154
351311,2409.4122293088585
351312,2398.029635458719
351313,32266.635190472007
351314,313931.97654521465
351315,33992.08161301166
351316,98628.61520159245
351317,60048.55291330814
351318,84322.6574986875
351319,94818.1996883899
351320,-10804.995088428259
351321,-10120.365594923496
351322,88022.32222771645
351323,73134.6702812314
351324,503889.35097646713
351325,547263.5012821555
351326,1316.6192084485665
351327,95789.87890034914
351328,77103.2277803421
351329,1507.9122437821352
351330,21817.388203553855
351331,7326.6180800795555
351332,138834.47281254828
351333,1713.5339892730117
351334,-10064.15557616949
351335,72722.85450180806
351336,210861.26148033142
351337,249046.10296572745
351338,10370.676287218928
351339,27008.81406062469
351340,11906.623972907662
351341,14.152504161000252
351342,46525.39613623917
351343,-4856.581419453025
351344,-4101.054528325796
351345,8982.526130095124
351346,1846.7347401827574
351347,13989.695891201496
351348,1366.262476325035
351349,86462.79393567145
351350,268003.7065051794
351351,886279.2997484207
351352,82819.75731629133
351353,42085.150055176346
351354,24558.217683441937
351355,8060.990723371506
351356,45786.014200635254
351357,-35.67102386569604
351358,0.3967609442770481
351359,2892961.1301841736
351360,393645.52620720863
351361,1415.4560029804707
351362,1069584.9302458763
351363,19832.729762524366
351364,52910.32319461554
351365,19384.507972165942
351366,853.9184408048168
351367,33482.66792773828
351368,1954.2703634304926
351369,1041.5838668290526
351370,13902.452405840158
351371,84724.1863656044
351372,-1336.3183014392853
351373,29874.811795711517
351374,15942.477547049522
351375,127.9364253282547
351376,196701.55731919408
351377,17670.46235764399
351378,324368.50316381454
351379,143691.29264721274
351380,129568.60957658291
351381,88038.38900667429
351382,494.45531847141683
351383,17881.82943003252
351384,13344.506235167384
351385,57506.199766516685
351386,7644.671644825488
351387,38487.093313381076
351388,55853.839307785034
351389,120037.85513925552
351390,96338.15137058496
351391,23471.39846803993
351392,127.54894070373848
351393,79870.53186151385
351394,33550.379419364035
351395,3531.063739389181
351396,106252.59494931996
351397,105903.52597740293
351398,188085.73647640646
351399,7635.440613485873
351400,259.6191363816615
351401,2128.71355350269
351402,2980.9891623705626
351403,15202.5472728631
351404,24026.875367954373
351405,886.1662875115871
351406,8007.460358117707
351407,17234.29359478783
351408,6107.5357409492135
351409,4279.247662164271
351410,67567.75376809388
351411,290717.3223547004
351412,21668.776319146156
351413,1245629.4701102674
351414,322358.55265939236
351415,25846.24893194437
351416,179709.5884372294
351417,280.3790451399982
351418,168450.20206299424
351419,2503376.1323070526
351420,39338.57288533449
351421,711926.6919503212
351422,606244.498677969
351423,615263.8486027718
351424,1186235.5019874573
351425,123526.36277616024
351426,122094.9810937047
351427,3046.525332729332
351428,12416.025985851884
351429,-410.14108921959996
351430,13374.403447013348
351431,90107.39320525527
351432,4155.918938966468
351433,55188.521796405315
351434,422862.41827082634
351435,116137.91410213709
351436,577132.5993885994
351437,277268.8780552745
351438,103273.55048593879
351439,67723.14121326804
351440,750.3536648214795
351441,17630.670746844262
351442,273754.03821122646
351443,704844.3332155943
351444,322377.002468884
351445,19671.22982124798
351446,27074.115245454013
351447,90428.53567188978
351448,19764.662366330624
351449,134347.61033052206
351450,2595.2453876985237
351451,86032.85902838409
351452,12874.43598043546
351453,1852.371187381912
351454,1145.3772020131582
351455,148694.6636095047
351456,715875.7447013855
351457,84998.53864049911
351458,1528.5371915791184
351459,18227.94201593846
351460,138.11182595044374
351461,13722.931759589352
351462,170723.91104364395
351463,119498.81663537025
351464,294178.44188159704
351465,389019.02934235334
351466,7998.746297299862
351467,5478.497944653034
351468,4128.322680354118
351469,-336.79831670224667
351470,954.8142216354609
351471,67284.88924148679
351472,19812.189959719777
351473,619179.8065481186
351474,30662.32142199576
351475,880463.238904953
351476,586.8259221825283
351477,2123.300772962626
351478,1629.90583244944
351479,76245.33974388242
351480,9356.131300114095
351481,441.29127582348883
351482,2724.892682913691
351483,497.31979496218264
351484,-76.2272707503289
351485,-411.8239117823541
351486,557.6340814679861
351487,903078.2621040344
351488,505915.67589247227
351489,34835.078010462224
351490,261497.74711751938
351491,16916.2066424191
351492,-68.38308209180832
351493,580.7538806572556
351494,26593.27862353623
351495,48383.28901189566
351496,79225.48701697588
351497,206407.60880345106
351498,78189.0023560524
351499,-5360.214512214065
351500,304450.5282496214
351501,25358.801171839237
351502,19471.071143358946
351503,-1142.7732721194625
351504,5.6297387992963195
351505,20255.911718919873
351506,530.1418879402336
351507,175.3877007488918
351508,125616.2524497211
351509,692597.8383257389
351510,283269.04252648354
351511,581640.4173688889
351512,26509.821020066738
351513,198.9402704834938
351514,31816.23151113093
351515,547337.0611106157
351516,140184.90264680982
351517,207013.94868314266
351518,487113.6633718014
351519,-138.6556539228186
351520,-67.01860445691273
351521,-93.38567426428199
351522,-20.742444405332208
351523,3679.616334155202
351524,36267.57625210285
351525,14971.364150196314
351526,13404.258783221245
351527,227.27458516694605
351528,3396.0169887170196
