Num,y
348622,422.0
348623,6661.0
348624,54846.0
348625,7787.0
348626,0.0
348627,28229.0
348628,17621.0
348629,23853.0
348630,23840.0
348631,652.0
348632,322.0
348633,10225.0
348634,45203.0
348635,4019.0
348636,424.0
348637,38247.0
348638,24649.0
348639,70608.0
348640,72496.0
348641,292.0
348642,20561.0
348643,15730.0
348644,430.0
348645,4430.0
348646,1240.0
348647,16862.0
348648,1130.0
348649,4142.0
348650,1120.0
348651,4087.0
348652,3756.0
348653,42207.0
348654,2230.0
348655,4478.0
348656,2869.0
348657,675.0
348658,8089.0
348659,810.0
348660,110.0
348661,1470.0
348662,620.0
348663,2870.0
348664,198410.0
348665,20677.0
348666,48285.0
348667,167333.0
348668,15982.0
348669,5031.0
348670,4955.0
348671,20.0
348672,8907.0
348673,23.0
348674,50.0
348675,495970.0
348676,77034.0
348677,1200.0
348678,7218.0
348679,50370.0
348680,3434.0
348681,140.0
348682,8910.0
348683,790.0
348684,350.0
348685,3780.0
348686,25889.0
348687,1470.0
348688,21930.0
348689,160.0
348690,970.0
348691,29891.0
348692,2750.0
348693,24647.0
348694,28000.0
348695,23480.0
348696,14184.0
348697,18207.0
348698,240.0
348699,3039.0
348700,2392.0
348701,9308.0
348702,858.0
348703,7947.0
348704,12667.0
348705,29640.0
348706,18382.0
348707,7487.0
348708,1139.0
348709,11797.0
348710,17965.0
348711,7245.0
348712,1210.0
348713,16743.0
348714,17908.0
348715,21873.0
348716,2920.0
348717,260.0
348718,425.0
348719,220.0
348720,2945.0
348721,20860.0
348722,160.0
348723,110.0
348724,2435.0
348725,910.0
348726,820.0
348727,12217.0
348728,77813.0
348729,3090.0
348730,175709.0
348731,51374.0
348732,5614.0
348733,31880.0
348734,164.0
348735,422352.0
348736,6520.0
348737,4680.0
348738,123650.0
348739,82952.0
348740,112750.0
348741,189233.0
348742,25997.0
348743,18117.0
348744,272.0
348745,1789.0
348746,30.0
348747,2781.0
348748,16320.0
348749,785.0
348750,3242.0
348751,75856.0
348752,17492.0
348753,84904.0
348754,36154.0
348755,16845.0
348756,11955.0
348757,100.0
348758,3170.0
348759,50315.0
348760,127926.0
348761,55742.0
348762,3585.0
348763,5896.0
348764,60.0
348765,1710.0
348766,21081.0
348767,360.0
348768,160.0
348769,14415.0
348770,2220.0
348771,248.0
348772,102.0
348773,28235.0
348774,147898.0
348775,435.0
348776,5175.0
348777,30.0
348778,3810.0
348779,15459.0
348780,23272.0
348781,20318.0
348782,46733.0
348783,65210.0
348784,1950.0
348785,1530.0
348786,2250.0
348787,285.0
348788,335.0
348789,8406.0
348790,2914.0
348791,89165.0
348792,61063.0
348793,190.0
348794,170.0
348795,0.0
348796,337.0
348797,210.0
348798,13885.0
348799,1694.0
348800,170.0
348801,710.0
348802,190.0
348803,75.0
348804,260.0
348805,770.0
348806,133847.0
348807,6649.0
348808,235000.0
348809,67082.0
348810,3031.0
348811,2367.0
348812,355.0
348813,6189.0
348814,12015.0
348815,18825.0
348816,37317.0
348817,15392.0
348818,75.0
348819,46105.0
348820,3160.0
348821,25.0
348822,40.0
348823,4487.0
348824,0.0
348825,0.0
348826,80.0
348827,20.0
348828,20429.0
348829,117370.0
348830,51898.0
348831,96548.0
348832,5181.0
348833,385.0
348834,6483.0
348835,25639.0
348836,92523.0
348837,10.0
348838,50.0
348839,35.0
348840,1347.0
348841,8045.0
348842,3827.0
348843,175.0
348844,515.0
348845,32546.0
348846,92854.0
348847,3696.0
349519,1290.0
349520,21307.0
349521,285904.0
349522,33970.0
349523,0.0
349524,117730.0
349525,71857.0
349526,76432.0
349527,84194.0
349528,1902.0
349529,1425.0
349530,50700.0
349531,284871.0
349532,24471.0
349533,1810.0
349534,125780.0
349535,83070.0
349536,482901.0
349537,520772.0
349538,2015.0
349539,102609.0
349540,76039.0
349541,820.0
349542,20502.0
349543,8101.0
349544,132455.0
349545,4177.0
349546,21533.0
349547,4725.0
349548,21262.0
349549,21769.0
349550,216205.0
349551,6300.0
349552,26532.0
349553,10439.0
349554,1825.0
349555,42369.0
349556,755.0
349557,125.0
349558,8431.0
349559,4238.0
349560,15565.0
349561,1149039.0
349562,70009.0
349563,266332.0
349564,823266.0
349565,85658.0
349566,40979.0
349567,20843.0
349568,0.0
349569,37306.0
349570,187.0
349571,293.0
349572,2547676.0
349573,341235.0
349574,6400.0
349575,51583.0
349576,268401.0
349577,14948.0
349578,1020.0
349579,27020.0
349580,1760.0
349581,1180.0
349582,9793.0
349583,111053.0
349584,5539.0
349585,137982.0
349586,6975.0
349587,5183.0
349588,181811.0
349589,19828.0
349590,164206.0
349591,143182.0
349592,136123.0
349593,71849.0
349594,87744.0
349595,1070.0
349596,13497.0
349597,9966.0
349598,74926.0
349599,9602.0
349600,34555.0
349601,66856.0
349602,113327.0
349603,104919.0
349604,28091.0
349605,6614.0
349606,60620.0
349607,70469.0
349608,30057.0
349609,4459.0
349610,102126.0
349611,110318.0
349612,164438.0
349613,8698.0
349614,260.0
349615,1070.0
349616,3478.0
349617,14713.0
349618,110308.0
349619,2107.0
349620,373.0
349621,17039.0
349622,4825.0
349623,3610.0
349624,61262.0
349625,242766.0
349626,28126.0
349627,1212613.0
349628,322878.0
349629,31229.0
349630,156225.0
349631,485.0
349632,2453944.0
349633,75721.0
349634,55146.0
349635,773216.0
349636,636057.0
349637,646474.0
349638,1199012.0
349639,131574.0
349640,112584.0
349641,2132.0
349642,12211.0
349643,310.0
349644,12415.0
349645,86278.0
349646,2871.0
349647,30249.0
349648,401093.0
349649,113233.0
349650,556918.0
349651,274321.0
349652,107483.0
349653,63797.0
349654,725.0
349655,13959.0
349656,246610.0
349657,620929.0
349658,287743.0
349659,16769.0
349660,21668.0
349661,150.0
349662,11954.0
349663,124853.0
349664,2398.0
349665,290.0
349666,72274.0
349667,11267.0
349668,1468.0
349669,837.0
349670,156950.0
349671,745692.0
349672,2243.0
349673,10295.0
349674,130.0
349675,27466.0
349676,90260.0
349677,173405.0
349678,118801.0
349679,284746.0
349680,344517.0
349681,8689.0
349682,5729.0
349683,7700.0
349684,853.0
349685,1654.0
349686,76664.0
349687,21810.0
349688,610090.0
349689,469891.0
349690,250.0
349691,380.0
349692,5.0
349693,1667.0
349694,1680.0
349695,62047.0
349696,12299.0
349697,786.0
349698,2424.0
349699,792.0
349700,455.0
349701,1181.0
349702,2911.0
349703,781238.0
349704,23172.0
349705,1075628.0
349706,324144.0
349707,18392.0
349708,11494.0
349709,1120.0
349710,25423.0
349711,44214.0
349712,71795.0
349713,196767.0
349714,75027.0
349715,360.0
349716,299099.0
349717,14386.0
349718,435.0
349719,20.0
349720,16971.0
349721,40.0
349722,0.0
349723,235.0
349724,20.0
349725,136610.0
349726,688702.0
349727,281088.0
349728,555129.0
349729,22789.0
349730,1720.0
349731,26792.0
349732,129836.0
349733,510438.0
349734,16.0
349735,96.0
349736,186.0
349737,3137.0
349738,35588.0
349739,13141.0
349740,208.0
349741,4491.0
349742,203273.0
349743,472455.0
349744,16459.0
349745,20610.0
349746,171320.0
349747,20395.0
349748,5.0
349749,87669.0
349750,54582.0
349751,46516.0
349752,48798.0
349753,1618.0
349754,1155.0
349755,36755.0
349756,169043.0
349757,14866.0
349758,720898.0
349759,1690.0
349760,1359.0
349761,121600.0
349762,61560.0
349763,323450.0
349764,320898.0
349765,1070.0
349766,80276.0
349767,48739.0
349768,930.0
349769,14446.0
349770,4663.0
349771,92100.0
349772,4582.0
349773,9986.0
349774,6665.0
349775,13570.0
349776,12400.0
349777,168112.0
349778,6815.0
349779,16305.0
349780,7456.0
349781,1905.0
349782,28584.0
349783,875.0
349784,90.0
349785,8348.0
349786,2584.0
349787,5265.0
349788,2695.0
349789,56603.0
349790,208209.0
349791,641007.0
349792,63311.0
349793,19013.0
349794,13295.0
349795,80.0
349796,29785.0
349797,92.0
349798,85.0
349799,1608471.0
349800,225813.0
349801,9733.0
349802,108026.0
349803,203136.0
349804,10293.0
349805,660.0
349806,25541.0
349807,1340.0
349808,810.0
349809,11290.0
349810,92325.0
349811,3584.0
349812,67469.0
349813,12800.0
349814,2921.0
349815,123847.0
349816,450.0
349817,32272.0
349818,76860.0
349819,73084.0
349820,62620.0
349821,710.0
349822,11320.0
349823,10326.0
349824,42849.0
349825,5275.0
349826,41077.0
349827,85596.0
349828,78645.0
349829,27237.0
349830,9345.0
349831,73948.0
349832,5017.0
349833,43900.0
349834,52137.0
349835,25520.0
349836,4462.0
349837,52824.0
349838,64138.0
349839,116564.0
349840,6204.0
349841,180.0
349842,1477.0
349843,3274.0
349844,12837.0
349845,14065.0
349846,1216.0
349847,212.0
349848,12180.0
349849,4155.0
349850,3200.0
349851,47937.0
349852,161655.0
349853,16065.0
349854,666235.0
349855,165716.0
349856,19970.0
349857,123445.0
349858,1369720.0
349859,23640.0
349860,16530.0
349861,371323.0
349862,314626.0
349863,331202.0
349864,604515.0
349865,66189.0
349866,74936.0
349867,1513.0
349868,4850.0
349869,80.0
349870,8966.0
349871,53840.0
349872,2401.0
349873,18435.0
349874,255813.0
349875,61946.0
349876,354386.0
349877,157347.0
349878,56938.0
349879,35909.0
349880,490.0
349881,10948.0
349882,177933.0
349883,471402.0
349884,203695.0
349885,14354.0
349886,18975.0
349887,0.0
349888,9690.0
349889,1730.0
349890,58713.0
349891,75404.0
349892,7907.0
349893,1962.0
349894,1268.0
349895,79093.0
349896,398425.0
349897,45730.0
349898,1697.0
349899,16127.0
349900,75.0
349901,116.66666666666667
349902,55292.0
349903,107583.0
349904,69093.0
349905,155378.0
349906,229861.0
349907,8388.0
349908,5175.0
349909,10875.0
349910,1060.0
349911,2710.0
349912,36198.0
349913,12079.0
349914,398741.0
349915,2204.0
349916,200.0
349917,490.0
349918,9.166666666666666
349919,0.0
349920,1180.0
349921,694.0
349922,53245.0
349923,4429.0
349924,805.0
349925,2075.0
349926,703.0
349927,400.0
349928,1265.0
349929,21042.0
349930,522712.0
349931,292790.0
349932,617740.0
349933,201338.0
349934,13072.0
349935,9729.0
349936,846.0
349937,17632.0
349938,27941.0
349939,48952.0
349940,140809.0
349941,59059.0
349942,158660.0
349943,235.0
349944,11734.0
349945,13719.0
349946,40.0
349947,33.333333333333336
349948,450.0
349949,20.0
349950,75793.0
349951,415659.0
349952,167503.0
349953,360269.0
349954,18845.0
349955,1365.0
349956,22713.0
349957,93704.0
349958,50.0
349959,74.0
349960,124.0
349961,154.0
349962,3854.0
349963,29015.0
349964,11327.0
349965,342773.0
349966,369669.0
349967,166553.0
349968,11788.0
349969,337.0
349970,2597.0
350191,1290.0
350192,21307.0
350193,285904.0
350194,33970.0
350195,0.0
350196,117730.0
350197,71857.0
350198,76432.0
350199,84194.0
350200,1902.0
350201,1425.0
350202,50700.0
350203,284871.0
350204,24471.0
350205,1810.0
350206,125780.0
350207,83070.0
350208,482901.0
350209,520772.0
350210,2015.0
350211,102609.0
350212,76039.0
350213,820.0
350214,20502.0
350215,8101.0
350216,132455.0
350217,4177.0
350218,21533.0
350219,4725.0
350220,21262.0
350221,21769.0
350222,216205.0
350223,6300.0
350224,26532.0
350225,10439.0
350226,1825.0
350227,42369.0
350228,755.0
350229,125.0
350230,8431.0
350231,4238.0
350232,15565.0
350233,1149039.0
350234,70009.0
350235,266332.0
350236,823266.0
350237,85658.0
350238,40979.0
350239,20843.0
350240,0.0
350241,37306.0
350242,187.0
350243,293.0
350244,2547676.0
350245,341235.0
350246,6400.0
350247,51583.0
350248,268401.0
350249,14948.0
350250,1020.0
350251,27020.0
350252,1760.0
350253,1180.0
350254,9793.0
350255,111053.0
350256,5539.0
350257,137982.0
350258,6975.0
350259,5183.0
350260,181811.0
350261,19828.0
350262,164206.0
350263,143182.0
350264,136123.0
350265,71849.0
350266,87744.0
350267,1070.0
350268,13497.0
350269,9966.0
350270,74926.0
350271,9602.0
350272,34555.0
350273,66856.0
350274,113327.0
350275,104919.0
350276,28091.0
350277,6614.0
350278,60620.0
350279,70469.0
350280,30057.0
350281,4459.0
350282,102126.0
350283,110318.0
350284,164438.0
350285,8698.0
350286,260.0
350287,1070.0
350288,3478.0
350289,14713.0
350290,110308.0
350291,2107.0
350292,373.0
350293,17039.0
350294,4825.0
350295,3610.0
350296,61262.0
350297,242766.0
350298,28126.0
350299,1212613.0
350300,322878.0
350301,31229.0
350302,156225.0
350303,485.0
350304,2453944.0
350305,75721.0
350306,55146.0
350307,773216.0
350308,636057.0
350309,646474.0
350310,1199012.0
350311,131574.0
350312,112584.0
350313,2132.0
350314,12211.0
350315,310.0
350316,12415.0
350317,86278.0
350318,2871.0
350319,30249.0
350320,401093.0
350321,113233.0
350322,556918.0
350323,274321.0
350324,107483.0
350325,63797.0
350326,725.0
350327,13959.0
350328,246610.0
350329,620929.0
350330,287743.0
350331,16769.0
350332,21668.0
350333,150.0
350334,11954.0
350335,124853.0
350336,2398.0
350337,290.0
350338,72274.0
350339,11267.0
350340,1468.0
350341,837.0
350342,156950.0
350343,745692.0
350344,2243.0
350345,10295.0
350346,130.0
350347,27466.0
350348,90260.0
350349,173405.0
350350,118801.0
350351,284746.0
350352,344517.0
350353,8689.0
350354,5729.0
350355,7700.0
350356,853.0
350357,1654.0
350358,76664.0
350359,21810.0
350360,610090.0
350361,469891.0
350362,250.0
350363,380.0
350364,5.0
350365,1667.0
350366,1680.0
350367,62047.0
350368,12299.0
350369,786.0
350370,2424.0
350371,792.0
350372,455.0
350373,1181.0
350374,2911.0
350375,781238.0
350376,23172.0
350377,1075628.0
350378,324144.0
350379,18392.0
350380,11494.0
350381,1120.0
350382,25423.0
350383,44214.0
350384,71795.0
350385,196767.0
350386,75027.0
350387,360.0
350388,299099.0
350389,14386.0
350390,435.0
350391,20.0
350392,16971.0
350393,40.0
350394,0.0
350395,235.0
350396,20.0
350397,136610.0
350398,688702.0
350399,281088.0
350400,555129.0
350401,22789.0
350402,1720.0
350403,26792.0
350404,129836.0
350405,510438.0
350406,16.0
350407,96.0
350408,186.0
350409,3137.0
350410,35588.0
350411,13141.0
350412,208.0
350413,4491.0
350414,203273.0
350415,472455.0
350416,16459.0
350417,6661.0
350418,54846.0
350419,7787.0
350420,0.0
350421,28229.0
350422,17621.0
350423,23853.0
350424,23840.0
350425,652.0
350426,322.0
350427,10225.0
350428,45203.0
350429,4019.0
350430,198410.0
350431,422.0
350432,424.0
350433,38247.0
350434,24649.0
350435,70608.0
350436,72496.0
350437,292.0
350438,20561.0
350439,15730.0
350440,430.0
350441,4430.0
350442,1240.0
350443,16862.0
350444,1130.0
350445,2870.0
350446,1710.0
350447,4087.0
350448,3756.0
350449,42207.0
350450,2230.0
350451,4478.0
350452,2869.0
350453,675.0
350454,8089.0
350455,810.0
350456,110.0
350457,1470.0
350458,620.0
350459,1200.0
350460,1120.0
350461,20677.0
350462,48285.0
350463,167333.0
350464,15982.0
350465,5031.0
350466,4955.0
350467,20.0
350468,8907.0
350469,23.0
350470,50.0
350471,495970.0
350472,77034.0
350473,2750.0
350474,24647.0
350475,50370.0
350476,3434.0
350477,140.0
350478,8910.0
350479,790.0
350480,350.0
350481,3780.0
350482,25889.0
350483,1470.0
350484,21930.0
350485,160.0
350486,970.0
350487,29891.0
350488,164.0
350489,7218.0
350490,28000.0
350491,23480.0
350492,14184.0
350493,240.0
350494,3039.0
350495,2392.0
350496,9308.0
350497,858.0
350498,12667.0
350499,29640.0
350500,18382.0
350501,7947.0
350502,2945.0
350503,20860.0
350504,1139.0
350505,11797.0
350506,17965.0
350507,7245.0
350508,1210.0
350509,16743.0
350510,17908.0
350511,21873.0
350512,2920.0
350513,260.0
350514,425.0
350515,220.0
350516,4142.0
350517,7487.0
350518,160.0
350519,110.0
350520,2435.0
350521,910.0
350522,820.0
350523,12217.0
350524,77813.0
350525,3090.0
350526,175709.0
350527,51374.0
350528,5614.0
350529,31880.0
350530,422352.0
350531,6520.0
350532,4680.0
350533,123650.0
350534,82952.0
350535,112750.0
350536,189233.0
350537,25997.0
350538,18117.0
350539,272.0
350540,1789.0
350541,30.0
350542,2781.0
350543,16320.0
350544,785.0
350545,3242.0
350546,75856.0
350547,17492.0
350548,84904.0
350549,36154.0
350550,16845.0
350551,11955.0
350552,100.0
350553,3170.0
350554,50315.0
350555,127926.0
350556,55742.0
350557,3585.0
350558,5896.0
350559,60.0
350560,3810.0
350561,360.0
350562,14415.0
350563,21081.0
350564,2220.0
350565,248.0
350566,102.0
350567,28235.0
350568,147898.0
350569,18207.0
350570,435.0
350571,5175.0
350572,30.0
350573,160.0
350574,15459.0
350575,23272.0
350576,20318.0
350577,46733.0
350578,65210.0
350579,1950.0
350580,1530.0
350581,2250.0
350582,285.0
350583,335.0
350584,8406.0
350585,2914.0
350586,89165.0
350587,770.0
350588,190.0
350589,170.0
350590,0.0
350591,0.0
350592,337.0
350593,210.0
350594,13885.0
350595,1694.0
350596,170.0
350597,710.0
350598,190.0
350599,75.0
350600,260.0
350601,6649.0
350602,133847.0
350603,61063.0
350604,235000.0
350605,67082.0
350606,3031.0
350607,2367.0
350608,355.0
350609,6189.0
350610,12015.0
350611,18825.0
350612,37317.0
350613,15392.0
350614,46105.0
350615,25.0
350616,3160.0
350617,4487.0
350618,0.0
350619,0.0
350620,80.0
350621,20.0
350622,20429.0
350623,117370.0
350624,51898.0
350625,96548.0
350626,5181.0
350627,385.0
350628,6483.0
350629,25639.0
350630,40.0
350631,10.0
350632,50.0
350633,35.0
350634,1347.0
350635,8045.0
350636,3827.0
350637,92523.0
350638,92854.0
350639,32546.0
350640,3696.0
350641,175.0
350642,515.0
350643,104500.0
350644,32050.666666666668
350645,1148.3333333333333
350646,1129.3333333333333
350647,16759.555555555555
350648,169751.55555555556
350649,18924.333333333332
350650,80751.88888888889
350651,45270.0
350652,60134.77777777778
350653,60898.444444444445
350654,1572.2222222222222
350655,1006.0
350656,64284.0
350657,61541.555555555555
350658,287953.8888888889
350659,295714.0
350660,1122.3333333333333
350661,67030.0
350662,47530.333333333336
350663,750.0
350664,14549.0
350665,5068.444444444444
350666,82235.44444444444
350667,4136.0
350668,11474.111111111111
350669,36952.666666666664
350670,183177.88888888888
350671,151767.11111111112
350672,5138.888888888889
350673,14457.0
350674,6703.888888888889
350675,1480.0
350676,26024.666666666668
350677,820.0
350678,97.22222222222223
350679,7436.777777777777
350680,2794.222222222222
350681,10810.888888888889
350682,2796.6666666666665
350683,48787.11111111111
350684,161976.0
350685,555295.2222222222
350686,54257.22222222222
350687,18832.0
350688,13402.555555555555
350689,52.22222222222222
350690,26962.222222222223
350691,79.88888888888889
350692,117.55555555555556
350693,1560512.4444444445
350694,216814.33333333334
350695,4198.888888888889
350696,672540.1111111111
350697,13448.444444444445
350698,30012.333333333332
350699,9244.444444444445
350700,525.5555555555555
350701,21529.444444444445
350702,1410.0
350703,846.6666666666666
350704,10183.555555555555
350705,89574.88888888889
350706,3480.3333333333335
350707,75562.22222222222
350708,11680.777777777777
350709,3374.222222222222
350710,110522.11111111111
350711,9808.888888888889
350712,187506.77777777778
350713,79112.44444444444
350714,72335.0
350715,63031.444444444445
350716,734.1111111111111
350717,9501.111111111111
350718,7766.111111111111
350719,47033.666666666664
350720,4739.222222222223
350721,26982.88888888889
350722,40472.666666666664
350723,82142.66666666667
350724,68263.33333333333
350725,12843.444444444445
350726,229.88888888888889
350727,52109.88888888889
350728,23310.88888888889
350729,3421.222222222222
350730,54319.88888888889
350731,61460.666666666664
350732,102425.0
350733,6177.555555555556
350734,180.0
350735,1558.888888888889
350736,3029.6666666666665
350737,8519.222222222223
350738,16724.555555555555
350739,1350.0
350740,4519.444444444444
350741,10511.444444444445
350742,3518.6666666666665
350743,2648.8888888888887
350744,43774.444444444445
350745,162821.22222222222
350746,16245.888888888889
350747,678525.7777777778
350748,179789.22222222222
350749,19755.777777777777
350750,102486.22222222222
350751,471.55555555555554
350752,103249.55555555556
350753,1382743.888888889
350754,20582.333333333332
350755,398687.44444444444
350756,316643.8888888889
350757,340508.1111111111
350758,618451.4444444445
350759,69358.33333333333
350760,68066.66666666667
350761,1300.3333333333333
350762,4594.777777777777
350763,92.22222222222223
350764,7831.666666666667
350765,51814.77777777778
350766,2259.6666666666665
350767,30707.333333333332
350768,242888.0
350769,62557.22222222222
350770,330441.55555555556
350771,152771.22222222222
350772,55939.444444444445
350773,35821.77777777778
350774,435.55555555555554
350775,9370.666666666666
350776,156371.11111111112
350777,408477.77777777775
350778,180051.33333333334
350779,11019.444444444445
350780,16175.222222222223
350781,52914.88888888889
350782,11371.888888888889
350783,73398.66666666667
350784,1348.6666666666667
350785,48752.666666666664
350786,7076.222222222223
350787,1664.888888888889
350788,778.6666666666666
350789,86576.22222222222
350790,442470.44444444444
350791,49953.0
350792,1754.6666666666667
350793,14063.222222222223
350794,57.77777777777778
350795,6387.222222222223
350796,100739.55555555556
350797,68121.44444444444
350798,157477.88888888888
350799,215627.66666666666
350800,7178.555555555556
350801,4427.0
350802,8813.888888888889
350803,915.2222222222222
350804,1721.5555555555557
350805,37663.666666666664
350806,10576.777777777777
350807,363757.44444444444
350808,16583.222222222223
350809,678182.6666666666
350810,298.8888888888889
350811,930.8888888888889
350812,704.2222222222222
350813,45906.444444444445
350814,5599.666666666667
350815,645.0
350816,2017.888888888889
350817,698.5555555555555
350818,392.0
350819,1032.3333333333333
350820,1808.888888888889
350821,477052.8888888889
350822,267097.22222222225
350823,17030.444444444445
350824,217244.44444444444
350825,13289.555555555555
350826,8590.0
350827,793.8888888888889
350828,16538.666666666668
350829,30090.88888888889
350830,51360.0
350831,123792.44444444444
350832,48489.666666666664
350833,92.5
350834,164709.33333333334
350835,10868.666666666666
350836,10095.666666666666
350837,50.0
350838,194.44444444444446
350839,11650.777777777777
350840,297.22222222222223
350841,28.88888888888889
350842,71395.88888888889
350843,403752.1111111111
350844,166626.0
350845,338698.44444444444
350846,15818.333333333334
350847,1011.6666666666666
350848,18846.222222222223
350849,312138.77777777775
350850,80855.22222222222
350851,127058.0
350852,306209.44444444444
350853,196.88888888888889
350854,47.0
350855,105.33333333333333
350856,129.22222222222223
350857,3140.3333333333335
350858,27679.11111111111
350859,11535.444444444445
350860,10216.555555555555
350861,239.88888888888889
350862,2862.5555555555557
350863,21307.0
350864,285904.0
350865,33970.0
350866,0.0
350867,117730.0
350868,71857.0
350869,76432.0
350870,84194.0
350871,1902.0
350872,1425.0
350873,50700.0
350874,284871.0
350875,24471.0
350876,1149039.0
350877,1290.0
350878,1810.0
350879,125780.0
350880,83070.0
350881,482901.0
350882,520772.0
350883,2015.0
350884,102609.0
350885,76039.0
350886,820.0
350887,20502.0
350888,8101.0
350889,132455.0
350890,4177.0
350891,15565.0
350892,11954.0
350893,21262.0
350894,21769.0
350895,216205.0
350896,6300.0
350897,26532.0
350898,10439.0
350899,1825.0
350900,42369.0
350901,755.0
350902,125.0
350903,8431.0
350904,4238.0
350905,6400.0
350906,4725.0
350907,70009.0
350908,266332.0
350909,823266.0
350910,85658.0
350911,40979.0
350912,20843.0
350913,0.0
350914,37306.0
350915,187.0
350916,293.0
350917,2547676.0
350918,341235.0
350919,19828.0
350920,164206.0
350921,268401.0
350922,14948.0
350923,1020.0
350924,27020.0
350925,1760.0
350926,1180.0
350927,9793.0
350928,111053.0
350929,5539.0
350930,137982.0
350931,6975.0
350932,5183.0
350933,181811.0
350934,485.0
350935,51583.0
350936,143182.0
350937,136123.0
350938,71849.0
350939,1070.0
350940,13497.0
350941,9966.0
350942,74926.0
350943,9602.0
350944,66856.0
350945,113327.0
350946,104919.0
350947,34555.0
350948,14713.0
350949,110308.0
350950,6614.0
350951,60620.0
350952,70469.0
350953,30057.0
350954,4459.0
350955,102126.0
350956,110318.0
350957,164438.0
350958,8698.0
350959,260.0
350960,1070.0
350961,3478.0
350962,21533.0
350963,28091.0
350964,2107.0
350965,373.0
350966,17039.0
350967,4825.0
350968,3610.0
350969,61262.0
350970,242766.0
350971,28126.0
350972,1212613.0
350973,322878.0
350974,31229.0
350975,156225.0
350976,2453944.0
350977,75721.0
350978,55146.0
350979,773216.0
350980,636057.0
350981,646474.0
350982,1199012.0
350983,131574.0
350984,112584.0
350985,2132.0
350986,12211.0
350987,310.0
350988,12415.0
350989,86278.0
350990,2871.0
350991,30249.0
350992,401093.0
350993,113233.0
350994,556918.0
350995,274321.0
350996,107483.0
350997,63797.0
350998,725.0
350999,13959.0
351000,246610.0
351001,620929.0
351002,287743.0
351003,16769.0
351004,21668.0
351005,150.0
351006,27466.0
351007,2398.0
351008,72274.0
351009,124853.0
351010,11267.0
351011,1468.0
351012,837.0
351013,156950.0
351014,745692.0
351015,87744.0
351016,2243.0
351017,10295.0
351018,130.0
351019,290.0
351020,90260.0
351021,173405.0
351022,118801.0
351023,284746.0
351024,344517.0
351025,8689.0
351026,5729.0
351027,7700.0
351028,853.0
351029,1654.0
351030,76664.0
351031,21810.0
351032,610090.0
351033,2911.0
351034,250.0
351035,380.0
351036,5.0
351037,0.0
351038,1667.0
351039,1680.0
351040,62047.0
351041,12299.0
351042,786.0
351043,2424.0
351044,792.0
351045,455.0
351046,1181.0
351047,23172.0
351048,781238.0
351049,469891.0
351050,1075628.0
351051,324144.0
351052,18392.0
351053,11494.0
351054,1120.0
351055,25423.0
351056,44214.0
351057,71795.0
351058,196767.0
351059,75027.0
351060,299099.0
351061,435.0
351062,14386.0
351063,16971.0
351064,40.0
351065,0.0
351066,235.0
351067,20.0
351068,136610.0
351069,688702.0
351070,281088.0
351071,555129.0
351072,22789.0
351073,1720.0
351074,26792.0
351075,129836.0
351076,20.0
351077,16.0
351078,96.0
351079,186.0
351080,3137.0
351081,35588.0
351082,13141.0
351083,510438.0
351084,472455.0
351085,203273.0
351086,16459.0
351087,208.0
351088,4491.0
351089,121600.0
351090,36755.0
351091,1359.0
351092,1690.0
351093,20610.0
351094,171320.0
351095,20395.0
351096,87669.0
351097,54582.0
351098,46516.0
351099,48798.0
351100,1618.0
351101,1155.0
351102,73948.0
351103,61560.0
351104,323450.0
351105,320898.0
351106,1070.0
351107,80276.0
351108,48739.0
351109,930.0
351110,14446.0
351111,4663.0
351112,92100.0
351113,4582.0
351114,12837.0
351115,43900.0
351116,208209.0
351117,168112.0
351118,6815.0
351119,16305.0
351120,7456.0
351121,1905.0
351122,28584.0
351123,875.0
351124,90.0
351125,8348.0
351126,2584.0
351127,9986.0
351128,2695.0
351129,56603.0
351130,169043.0
351131,641007.0
351132,63311.0
351133,19013.0
351134,13295.0
351135,80.0
351136,29785.0
351137,92.0
351138,85.0
351139,1608471.0
351140,225813.0
351141,5265.0
351142,720898.0
351143,14866.0
351144,32272.0
351145,10293.0
351146,660.0
351147,25541.0
351148,1340.0
351149,810.0
351150,11290.0
351151,92325.0
351152,3584.0
351153,67469.0
351154,12800.0
351155,2921.0
351156,123847.0
351157,9733.0
351158,203136.0
351159,76860.0
351160,73084.0
351161,62620.0
351162,710.0
351163,11320.0
351164,10326.0
351165,42849.0
351166,5275.0
351167,27237.0
351168,41077.0
351169,85596.0
351170,78645.0
351171,13570.0
351172,212.0
351173,52137.0
351174,25520.0
351175,4462.0
351176,52824.0
351177,64138.0
351178,116564.0
351179,6204.0
351180,180.0
351181,1477.0
351182,3274.0
351183,9345.0
351184,14065.0
351185,1216.0
351186,5017.0
351187,12180.0
351188,4155.0
351189,3200.0
351190,47937.0
351191,161655.0
351192,16065.0
351193,666235.0
351194,165716.0
351195,19970.0
351196,123445.0
351197,450.0
351198,108026.0
351199,1369720.0
351200,16530.0
351201,371323.0
351202,314626.0
351203,331202.0
351204,604515.0
351205,66189.0
351206,74936.0
351207,1513.0
351208,4850.0
351209,80.0
351210,8966.0
351211,53840.0
351212,2401.0
351213,23640.0
351214,255813.0
351215,61946.0
351216,354386.0
351217,157347.0
351218,56938.0
351219,35909.0
351220,490.0
351221,10948.0
351222,177933.0
351223,471402.0
351224,203695.0
351225,14354.0
351226,18975.0
351227,55292.0
351228,12400.0
351229,75404.0
351230,1730.0
351231,58713.0
351232,7907.0
351233,1962.0
351234,1268.0
351235,79093.0
351236,398425.0
351237,45730.0
351238,1697.0
351239,16127.0
351240,0.0
351241,6665.0
351242,107583.0
351243,69093.0
351244,155378.0
351245,229861.0
351246,8388.0
351247,5175.0
351248,10875.0
351249,1060.0
351250,2710.0
351251,36198.0
351252,12079.0
351253,398741.0
351254,18435.0
351255,617740.0
351256,490.0
351257,1180.0
351258,694.0
351259,53245.0
351260,4429.0
351261,805.0
351262,2075.0
351263,703.0
351264,400.0
351265,1265.0
351266,2204.0
351267,522712.0
351268,292790.0
351269,21042.0
351270,201338.0
351271,13072.0
351272,9729.0
351273,846.0
351274,17632.0
351275,27941.0
351276,48952.0
351277,140809.0
351278,59059.0
351279,75.0
351280,158660.0
351281,9690.0
351282,11734.0
351283,50.0
351284,200.0
351285,13719.0
351286,450.0
351287,20.0
351288,75793.0
351289,415659.0
351290,167503.0
351291,360269.0
351292,18845.0
351293,1365.0
351294,22713.0
351295,342773.0
351296,93704.0
351297,166553.0
351298,369669.0
351299,235.0
351300,74.0
351301,124.0
351302,154.0
351303,3854.0
351304,29015.0
351305,11788.0
351306,11327.0
351307,337.0
351308,2597.0
351309,38247.0
351310,10225.0
351311,424.0
351312,422.0
351313,6661.0
351314,54846.0
351315,7787.0
351316,28229.0
351317,17621.0
351318,23853.0
351319,23840.0
351320,652.0
351321,322.0
351322,20860.0
351323,24649.0
351324,70608.0
351325,72496.0
351326,292.0
351327,20561.0
351328,15730.0
351329,430.0
351330,4430.0
351331,1240.0
351332,16862.0
351333,1130.0
351334,4142.0
351335,11797.0
351336,48285.0
351337,42207.0
351338,2230.0
351339,4478.0
351340,2869.0
351341,675.0
351342,8089.0
351343,810.0
351344,110.0
351345,1470.0
351346,620.0
351347,2870.0
351348,1120.0
351349,20677.0
351350,45203.0
351351,167333.0
351352,15982.0
351353,5031.0
351354,4955.0
351355,20.0
351356,8907.0
351357,23.0
351358,50.0
351359,495970.0
351360,77034.0
351361,1200.0
351362,198410.0
351363,4019.0
351364,7218.0
351365,3434.0
351366,140.0
351367,8910.0
351368,790.0
351369,350.0
351370,3780.0
351371,25889.0
351372,1470.0
351373,21930.0
351374,160.0
351375,970.0
351376,29891.0
351377,2750.0
351378,50370.0
351379,28000.0
351380,23480.0
351381,14184.0
351382,240.0
351383,3039.0
351384,2392.0
351385,9308.0
351386,858.0
351387,7947.0
351388,12667.0
351389,29640.0
351390,18382.0
351391,4087.0
351392,110.0
351393,17965.0
351394,7245.0
351395,1210.0
351396,16743.0
351397,17908.0
351398,21873.0
351399,2920.0
351400,260.0
351401,425.0
351402,220.0
351403,2945.0
351404,7487.0
351405,160.0
351406,1139.0
351407,2435.0
351408,910.0
351409,820.0
351410,12217.0
351411,77813.0
351412,3090.0
351413,175709.0
351414,51374.0
351415,5614.0
351416,31880.0
351417,164.0
351418,24647.0
351419,422352.0
351420,4680.0
351421,123650.0
351422,82952.0
351423,112750.0
351424,189233.0
351425,25997.0
351426,18117.0
351427,272.0
351428,1789.0
351429,30.0
351430,2781.0
351431,16320.0
351432,785.0
351433,6520.0
351434,75856.0
351435,17492.0
351436,84904.0
351437,36154.0
351438,16845.0
351439,11955.0
351440,100.0
351441,3170.0
351442,50315.0
351443,127926.0
351444,55742.0
351445,3585.0
351446,5896.0
351447,15459.0
351448,3756.0
351449,21081.0
351450,360.0
351451,14415.0
351452,2220.0
351453,248.0
351454,102.0
351455,28235.0
351456,147898.0
351457,18207.0
351458,435.0
351459,5175.0
351460,60.0
351461,1710.0
351462,23272.0
351463,20318.0
351464,46733.0
351465,65210.0
351466,1950.0
351467,1530.0
351468,2250.0
351469,285.0
351470,335.0
351471,8406.0
351472,2914.0
351473,89165.0
351474,3242.0
351475,235000.0
351476,170.0
351477,337.0
351478,210.0
351479,13885.0
351480,1694.0
351481,170.0
351482,710.0
351483,190.0
351484,75.0
351485,260.0
351486,770.0
351487,133847.0
351488,61063.0
351489,6649.0
351490,67082.0
351491,3031.0
351492,2367.0
351493,355.0
351494,6189.0
351495,12015.0
351496,18825.0
351497,37317.0
351498,15392.0
351499,75.0
351500,46105.0
351501,3810.0
351502,3160.0
351503,40.0
351504,190.0
351505,4487.0
351506,80.0
351507,20.0
351508,20429.0
351509,117370.0
351510,51898.0
351511,96548.0
351512,5181.0
351513,385.0
351514,6483.0
351515,92523.0
351516,25639.0
351517,32546.0
351518,92854.0
351519,25.0
351520,10.0
351521,50.0
351522,35.0
351523,1347.0
351524,8045.0
351525,3696.0
351526,3827.0
351527,175.0
351528,515.0
