ID,PREDICTED
16707,102446.64
16708,101958.39000000001
16709,93883.23
16710,93866.22
16711,93260.16
16712,102008.97
16713,105698.52
16714,108383.4
16715,107925.66000000002
16716,107746.47
16717,99828.63
16718,97780.59
16719,105160.23
16720,108486.81
16721,107789.94000000002
16722,108967.95
16723,108497.43
16724,101675.52
16725,97286.94
16726,107497.35
16727,109474.02
16728,110471.31
16729,111692.34
16730,111290.4
16731,103310.37
16732,99521.91000000002
16733,109413.36
16734,111830.49
16735,110907.54
16736,111772.35
18666,367529.4123303151
18667,368902.3371754685
18668,365000.95185922214
18669,369135.04908919276
18670,369347.255306019
18671,378565.940826599
18672,395921.3601302167
18673,387510.32388752117
18674,380732.9181392795
18675,374456.0383925976
18676,362215.4584626247
18677,363460.2758919
18678,369420.600118332
18679,377192.9579310735
18680,376265.35469913227
18681,377980.83466315153
18682,378695.4609872733
18683,375749.01077259355
18684,369128.43941492704
18685,377023.6749048436
18686,388833.91352312604
18687,390496.1199228911
18688,393642.6271743834
18689,391521.3488718011
18690,381100.6874244631
18691,373860.2041962298
18692,381751.6415326493
18693,392676.33657303813
18694,391638.13635235414
18695,388629.72882120777
20625,212003.25000000003
20626,212086.0
20627,212007.25
20628,212479.50000000003
20629,212741.25
20630,213970.0
20631,215498.75
20632,215807.5
20633,216187.75
20634,216952.25
20635,216436.25
20636,216832.00000000003
20637,217767.75
20638,218256.75
20639,217189.75
20640,217834.0
20641,217452.00000000003
20642,216662.5
20643,217054.0
20644,218173.75
20645,217815.25
20646,218476.75
20647,218279.25
20648,220242.75
20649,221318.5
20650,220681.0
20651,222203.75
20652,221928.5
20653,224177.75
20654,223503.5
1036,35348.5906
1037,35295.2449
1038,32993.7946
1039,33436.1401
1040,33035.671599999994
1041,36185.4556
1042,37305.1717
1043,37833.8029
1044,37677.5386
1045,37331.7757
1046,35704.386699999995
1047,34908.748
1048,37327.0102
1049,37885.2145
1050,37669.2901
1051,37626.5203
1052,37186.19980000001
1053,35487.6676
1054,34587.0574
1055,37198.5469
1056,37912.3585
1057,38113.5058
1058,39056.2972
1059,38846.689
1060,37069.6228
1061,35924.3782
1062,37843.9954
1063,38442.2632
1064,38543.02990000001
1065,38528.3392
2995,158989.0
2996,155310.0
2997,143816.0
2998,143294.0
2999,144077.0
3000,158212.00000000003
3001,163964.0
3002,166506.0
3003,166852.00000000003
3004,167852.00000000003
3005,155710.0
3006,150664.0
3007,166516.0
3008,167515.0
3009,168182.00000000003
3010,168373.0
3011,167042.00000000003
3012,157261.0
3013,150799.0
3014,168039.0
3015,168799.0
3016,170444.0
3017,171651.0
3018,172062.00000000003
3019,161120.0
3020,154232.00000000003
3021,168652.00000000003
3022,170010.0
3023,169373.0
3024,168712.00000000003
8871,11467.0925
8872,11467.52
8873,10869.1625
8874,11130.27
8875,11713.95
8876,12759.0925
8877,13051.740000000002
8878,12760.4225
8879,12645.1875
8880,12698.245
8881,12220.965
8882,11948.885000000002
8883,12663.38
8884,12964.53
8885,12932.0875
8886,12978.2575
8887,12602.010000000002
8888,12007.69
8889,12217.545000000002
8890,12764.08
8891,12876.607500000002
8892,13223.2625
8893,13874.535
8894,14249.9275
8895,13976.327500000001
8896,13743.482500000002
8897,13696.695
8898,13011.84
8899,13029.320000000002
8900,13278.2675
10830,16219.36
10831,16134.4
10832,16379.92
10833,16367.77
10834,16382.26
10835,16516.81
10836,16401.52
10837,16820.74
10838,17988.31
10839,17993.17
10840,18093.7
10841,17881.39
10842,18164.89
10843,18002.71
10844,18557.920000000002
10845,18262.9
10846,18687.07
10847,18311.500000000004
10848,18375.58
10849,18465.31
10850,18017.74
10851,18073.18
10852,18530.56
10853,18701.65
10854,18367.210000000003
10855,18309.97
10856,18428.14
10857,19853.74
10858,19037.44
10859,19233.73
12789,93285.02000000002
12790,91665.47000000002
12791,85602.70999999999
12792,87327.83
12793,86772.08
12794,94383.02
12795,95722.58
12796,95829.95
12797,98300.9
12798,97788.26
12799,94217.33000000002
12800,92118.62
12801,97597.82000000002
12802,97761.80000000002
12803,98186.42000000001
12804,99035.3
12805,99017.03
12806,93735.47000000002
12807,91777.34
12808,97488.65000000001
12809,98157.98
12810,99627.86000000002
12811,100750.52
12812,102158.21
12813,98859.08
12814,95498.03
12815,100371.26
12816,101062.37
12817,101065.70000000001
12818,100672.76
14748,48815.8
14749,49230.840000000004
14750,47494.84
14751,47834.36
14752,47338.84
14753,49007.96
14754,49551.16
14755,49642.04
14756,50212.92
14757,50223.48
14758,49104.76
14759,48661.88
14760,49823.8
14761,50626.200000000004
14762,51229.08000000001
14763,51452.92
14764,51959.48000000001
14765,50751.0
14766,49803.48
14767,51470.840000000004
14768,52007.48
14769,51982.68000000001
14770,52624.12000000001
14771,52749.88
14772,51328.28
14773,50830.36
14774,52883.96
14775,53479.16
14776,53533.08
14777,53886.68
4953,277199.375
4954,277680.875
4955,259925.9375
4956,258626.0
4957,258608.375
4958,277820.375
4959,284715.125
4960,291718.25
4961,292888.4375
4962,286839.3125
4963,261270.3125
4964,258086.9375
4965,282231.5
4966,289800.125
4967,293067.5
4968,291294.875
4969,290593.4375
4970,272429.0
4971,262248.6875
4972,284129.375
4973,296488.25
4974,299618.75
4975,303293.5625
4976,305261.0
4977,279299.5625
4978,268253.5625
4979,296045.9375
4980,299537.75000000006
4981,299810.0
4982,302852.375
6912,390762.7175
6913,387667.5275
6914,365184.645
6915,368070.31
6916,367301.0175000001
6917,390928.255
6918,396944.725
6919,402314.5150000001
6920,405807.25
6921,404869.8275000001
6922,383364.6575
6923,378351.8675
6924,402704.3675
6925,408686.37
6926,412972.92
6927,411519.9725
6928,409579.04
6929,391236.1675
6930,381503.455
6931,409327.185
6932,413730.4825
6933,416293.4025
6934,418343.39
6935,417771.4675
6936,396489.42250000004
6937,388919.8325
6938,414862.3
6939,416979.8625
6940,416956.105
6941,419287.485
17601,100652.0
17602,98995.0
17603,98185.0
17604,98215.0
17605,96942.0
17606,89631.00000000001
17607,86219.0
17608,95569.0
17609,94029.0
17610,93316.00000000001
17611,92860.0
17612,92314.0
17613,88140.0
17614,83654.0
17615,90559.0
17616,89623.0
17617,86832.0
17618,78229.0
17619,79103.0
17620,79579.0
17621,78307.0
17622,89195.0
17623,89537.0
17624,88712.0
17625,86774.0
17626,76922.0
17627,77021.00000000001
17628,77234.0
17629,86209.0
17630,85482.0
19560,390356.52
19561,390467.4
19562,387963.6
19563,386356.68
19564,387130.0800000001
19565,379689.96
19566,372085.68000000005
19567,380562.12
19568,383127.48000000004
19569,379501.92
19570,379154.04
19571,378095.76
19572,372758.16
19573,367515.0
19574,375983.16
19575,381061.68
19576,378105.48
19577,360731.4
19578,356377.08
19579,357027.24
19580,357514.08
19581,366452.16
19582,367926.84
19583,362287.56
19584,365314.56
19585,353309.88
19586,352738.56000000006
19587,351937.80000000005
19588,359542.20000000007
19589,358219.68
21519,227453.87
21520,225586.97000000003
21521,224369.25
21522,223193.95
21523,224152.53
21524,223476.33
21525,222748.33000000002
21526,224601.37
21527,224164.01000000004
21528,223430.76
21529,222659.92
21530,223585.18000000002
21531,223410.25
21532,222779.20000000004
21533,223740.37000000002
21534,224341.39
21535,223852.09
21536,221252.99
21537,220905.44
21538,221036.34
21539,220735.97
21540,221997.79
21541,221647.93
21542,220560.97
21543,221307.94
21544,219515.66
21545,219451.40000000002
21546,218868.37
21547,219751.56
21548,219071.93
1930,34135.1325
1931,34678.6225
1932,33687.7775
1933,32174.1825
1934,32066.02
1935,30657.825
1936,29433.825
1937,30958.130000000005
1938,30760.7175
1939,30655.0625
1940,31096.17
1941,31080.445
1942,30341.1575
1943,29562.8975
1944,30710.780000000002
1945,28528.7875
1946,29751.3
1947,27365.605
1948,28497.6775
1949,28827.18
1950,28712.7275
1951,30820.3025
1952,30720.47
1953,30955.92
1954,30718.09
1955,28742.1375
1956,28225.465
1957,28340.3425
1958,29427.7475
1959,30159.725
3888,139725.84
3889,148472.88
3890,151501.52
3891,151373.52000000002
3892,149835.28
3893,148845.36
3894,140042.8
3895,131960.56
3896,142739.76
3897,142323.76
3898,140789.52
3899,140529.2
3900,141271.6
3901,135445.36
3902,127580.72
3903,136179.76
3904,137475.92
3905,133469.04
3906,119634.0
3907,117926.80000000002
3908,119610.0
3909,118712.24
3910,130302.0
3911,134032.56
3912,134754.48
3913,133171.44
3914,120697.68
3915,121753.52
3916,119424.24
3917,131102.32
9765,10562.9075
9766,10410.46
9767,10220.8675
9768,10086.0575
9769,9792.085000000001
9770,8713.9025
9771,8510.965
9772,8871.5775
9773,9041.195
9774,9188.7125
9775,9233.1675
9776,9629.5225
9777,9132.995000000003
9778,9101.7575
9779,9257.7325
9780,9207.582500000002
9781,9335.805
9782,8874.68
9783,8933.8825
9784,8917.1375
9785,8786.8325
9786,9328.6225
9787,9351.445
9788,9439.9725
9789,9504.2325
9790,8959.127499999999
9791,9198.742500000002
9792,9348.385
9793,9656.6375
9794,9547.285
11724,15479.0
11725,15426.0
11726,15739.0
11727,15276.0
11728,14961.0
11729,14461.0
11730,14335.0
11731,14494.0
11732,14496.0
11733,14302.000000000002
11734,14583.0
11735,14236.0
11736,14100.0
11737,14076.0
11738,14400.0
11739,14412.000000000002
11740,14784.0
11741,11837.000000000002
11742,11971.0
11743,11960.0
11744,11907.000000000002
11745,12045.0
11746,11993.0
11747,12523.0
11748,12570.0
11749,12379.0
11750,12354.0
11751,12362.000000000002
11752,12570.0
11753,12546.0
13683,105770.52
13684,105758.62
13685,105966.31
13686,105054.63
13687,103624.74
13688,98149.2
13689,96616.62
13690,100522.9
13691,99763.33
13692,100456.54
13693,101607.55
13694,102429.07000000002
13695,100531.3
13696,95973.11
13697,96871.14
13698,101833.16000000002
13699,99226.01
13700,92671.77
13701,92323.94
13702,91909.47
13703,91717.81
13704,94799.49000000002
13705,97903.43
13706,98581.03
13707,97364.78
13708,90577.58
13709,91695.55000000002
13710,91031.6
13711,94699.39
13712,95957.22
15642,43896.3175
15643,44146.4525
15644,43482.1175
15645,43637.490000000005
15646,42977.95250000001
15647,41124.5975
15648,39296.275
15649,42510.79
15650,42441.535
15651,41883.505
15652,42498.25
15653,43005.455
15654,41522.79
15655,40458.22
15656,42067.1875
15657,42200.80500000001
15658,42334.66
15659,38315.78
15660,38659.5375
15661,38750.69000000001
15662,37146.9475
15663,39303.685
15664,39883.2325
15665,40149.09
15666,39830.08
15667,36588.3475
15668,37511.7
15669,37170.08
15670,38505.685
15671,39205.265
5847,265224.89
5848,268134.05
5849,268318.37
5850,278231.6
5851,256145.06
5852,242870.24
5853,232339.25
5854,248477.6
5855,246950.21
5856,246549.35
5857,251959.16
5858,247285.91000000003
5859,237068.75
5860,223487.21
5861,240835.25
5862,241777.46000000002
5863,233646.86
5864,205473.35
5865,204614.03
5866,207945.02
5867,207676.46
5868,231734.36
5869,243600.14
5870,246378.98000000004
5871,235593.11
5872,204282.92000000004
5873,200789.66000000003
5874,198665.75000000003
5875,227501.03
5876,226487.45
7806,414123.0
7807,404217.0
7808,405134.00000000006
7809,402977.0
7810,401968.0
7811,379603.0
7812,367809.00000000006
7813,393834.00000000006
7814,386005.0
7815,380965.0
7816,385249.00000000006
7817,385091.0
7818,366818.0
7819,358589.00000000006
7820,381028.0
7821,378294.00000000006
7822,367541.0
7823,339170.0
7824,343398.0
7825,344932.0
7826,343752.0
7827,368709.00000000006
7828,368544.00000000006
7829,372293.0
7830,371663.0
7831,341093.0
7832,340284.00000000006
7833,338913.0
7834,363490.0
7835,361985.0
