ID,PREDICTED
16707,101841.7325
16708,94000.005
16709,94092.44
16710,93339.0425
16711,103158.955
16712,106405.675
16713,108948.54000000001
16714,108402.7175
16715,108257.0825
16716,99867.3475
16717,97429.9325
16718,106497.3025
16719,109096.83499999999
16720,108484.5125
16721,109565.2325
16722,109006.68
16723,101371.91
16724,97305.8625
16725,108904.08
16726,110066.4525
16727,110862.885
16728,112048.675
16729,111598.04250000001
16730,102932.9025
16731,99463.265
16732,110764.7975
16733,112374.81
16734,111275.1375
16735,112012.9075
16736,111385.955
18666,357744.60349640803
18667,355372.0493657773
18668,361906.099058392
18669,370391.9171786188
18670,385483.19516246143
18671,390964.0305343049
18672,388764.9143672619
18673,382458.67759125505
18674,378181.6674424256
18675,367285.31011879153
18676,363958.5857262498
18677,377555.7200612424
18678,372734.21765049227
18679,370295.28186793945
18680,369582.1932394677
18681,374741.80538656726
18682,368011.3416687975
18683,372268.8845154225
18684,386649.74688220356
18685,387276.1337530361
18686,388340.8649331633
18687,388654.6635213657
18688,391312.0518865692
18689,377564.22062045475
18690,377410.89183005615
18691,392065.8439391578
18692,388922.8431195626
18693,385020.62302571815
18694,384412.6980218093
18695,385673.18311416334
20625,211834.25
20626,212245.5
20627,212517.25
20628,212957.5
20629,214271.25
20630,215502.5
20631,215950.25
20632,216584.25
20633,217155.25
20634,216256.5
20635,216548.25
20636,219365.75
20637,217317.25
20638,217044.0
20639,218228.0
20640,216921.5
20641,216785.5
20642,216622.75
20643,218565.75
20644,218228.75
20645,218551.75
20646,218594.25
20647,220552.5
20648,220690.0
20649,221598.75
20650,222715.0
20651,223295.25
20652,224621.5
20653,223534.25
20654,222778.25
1036,35071.2556
1037,33031.6621
1038,33463.0726
1039,33005.9626
1040,36389.6557
1041,37341.3589
1042,37825.85860000001
1043,37675.0987
1044,37389.6097
1045,35647.702
1046,34666.0432
1047,37547.7955
1048,37840.9291
1049,37666.3723
1050,37691.6578
1051,37241.0476
1052,35339.5204
1053,34577.4859
1054,37386.542499999996
1055,37953.8998
1056,38068.4122
1057,39028.849
1058,38840.4628
1059,36909.2572
1060,35859.9544
1061,38029.7662
1062,38562.4159
1063,38742.080200000004
1064,38502.702699999994
1065,38591.437300000005
2995,154480.905
2996,143539.66
2997,143070.9775
2998,143768.895
2999,157671.2425
3000,163342.79
3001,165748.4275
3002,166069.6225
3003,166986.0875
3004,155386.255
3005,149999.85
3006,165611.295
3007,166584.855
3008,167342.29
3009,167510.535
3010,166269.1225
3011,156685.14250000002
3012,150290.835
3013,167339.39250000002
3014,168199.6175
3015,169760.4675
3016,170891.1575
3017,171243.41749999998
3018,160453.8875
3019,153613.08
3020,168089.7025
3021,169427.39750000002
3022,169102.355
3023,168596.195
3024,168290.96000000002
8871,11422.0625
8872,10850.970000000001
8873,11117.35
8874,11722.6425
8875,12799.04
8876,13053.9725
8877,12780.0875
8878,12640.295
8879,12697.865
8880,12195.885
8881,11917.630000000001
8882,12699.48
8883,12961.5375
8884,12957.3575
8885,12986.76
8886,12609.99
8887,11981.945
8888,12216.880000000001
8889,12802.5075
8890,12899.3125
8891,13197.185
8892,13855.6775
8893,14257.5275
8894,13961.0325
8895,13728.995
8896,13754.74
8897,12991.32
8898,13049.317500000001
8899,13342.5825
8900,13661.7825
10830,16098.22
10831,16413.67
10832,16379.56
10833,16358.41
10834,16532.92
10835,16322.14
10836,16869.61
10837,17955.37
10838,17984.8
10839,18104.59
10840,17891.29
10841,18139.510000000002
10842,18001.72
10843,18544.6
10844,18247.87
10845,18709.3
10846,18358.48
10847,18369.010000000002
10848,18474.04
10849,18062.38
10850,18106.66
10851,18539.65
10852,18690.31
10853,18351.37
10854,18317.44
10855,18424.54
10856,19780.84
10857,19049.23
10858,19236.7
10859,18846.46
12789,91148.51000000001
12790,85538.63
12791,87214.88
12792,86726.72
12793,94740.68
12794,95646.35
12795,95739.5
12796,98273.36
12797,97655.33
12798,93929.42
12799,91736.12
12800,98012.0
12801,98130.62
12802,98244.2
12803,99242.03
12804,99149.87
12805,93413.54000000001
12806,91541.45
12807,98058.08
12808,98240.96
12809,99828.02
12810,100741.61
12811,102162.98000000001
12812,98368.13
12813,95448.26000000001
12814,100951.67
12815,101030.6
12816,101151.56
12817,100692.38
12818,99730.73
14748,49270.1975
14749,47542.19
14750,48013.0475
14751,47366.24
14752,49555.840000000004
14753,49695.1975
14754,49764.855
14755,50362.5325
14756,50512.3025
14757,49293.2325
14758,48574.3875
14759,50428.2375
14760,50865.095
14761,51614.880000000005
14762,51770.770000000004
14763,52430.8375
14764,50854.47
14765,50090.66
14766,52171.7575
14767,52368.957500000004
14768,52371.380000000005
14769,52947.17
14770,53020.0575
14771,51360.1775
14772,51030.59
14773,53594.615
14774,53922.12
14775,53903.207500000004
14776,54255.15
14777,54406.62
4953,274496.2
4954,259357.16
4955,258329.0
4956,256706.6
4957,281820.36
4958,285074.76
4959,293285.16000000003
4960,293497.16000000003
4961,287379.4
4962,258673.16
4963,257740.36
4964,287243.24
4965,291623.24
4966,294540.2
4967,293181.48
4968,293281.8
4969,268069.32
4970,263188.2
4971,290982.6
4972,298360.52
4973,301848.52
4974,305142.28
4975,306244.36
4976,274345.32
4977,269914.92
4978,302637.64
4979,300821.8
4980,302510.6
4981,305645.0
4982,307064.52
6912,384079.295
6913,365091.06
6914,368253.0175
6915,367554.105
6916,394463.575
6917,396758.065
6918,401423.8
6919,406085.3275
6920,404389.4075
6921,382834.7675
6922,375457.6175
6923,406444.07
6924,408834.27
6925,413231.8725
6926,411631.79000000004
6927,409757.6675
6928,388704.655
6929,380783.335
6930,413028.3825
6931,414185.4025
6932,416732.64
6933,418142.0675
6934,417718.1725
6935,393542.1325
6936,388483.4
6937,419255.3125
6938,418268.505
6939,418635.53500000003
6940,420030.9375
6941,418636.5125
17601,98995.0
17602,98185.0
17603,98215.0
17604,96942.0
17605,89631.0
17606,86219.0
17607,95569.0
17608,94029.0
17609,93316.0
17610,92860.0
17611,92314.0
17612,88140.0
17613,83654.0
17614,90559.0
17615,89623.0
17616,86832.0
17617,78229.0
17618,79103.0
17619,79579.0
17620,78307.0
17621,89195.0
17622,89537.0
17623,88712.0
17624,86774.0
17625,76922.0
17626,77021.0
17627,77234.0
17628,86209.0
17629,85482.0
17630,85778.0
19560,390019.8
19561,388122.48
19562,385525.08
19563,386464.56
19564,375682.68
19565,370770.72
19566,383239.08
19567,382345.32
19568,378951.84
19569,378447.96
19570,377948.16
19571,371301.6
19572,365923.56
19573,379768.68
19574,382535.28
19575,374023.8
19576,359915.88
19577,356614.44
19578,356596.68
19579,357088.56
19580,369678.24
19581,367297.56
19582,362177.16
19583,362356.08
19584,353300.76
19585,352669.2
19586,351383.4
19587,363193.08
19588,357638.64
19589,352941.72
21519,225294.65
21520,223932.45
21521,223506.43
21522,224543.13
21523,223029.03
21524,222738.66999999998
21525,224820.61
21526,223892.06
21527,223083.41999999998
21528,222591.88
21529,224218.75
21530,223027.0
21531,222440.47
21532,223946.59
21533,224624.89
21534,223952.89
21535,221230.94
21536,220897.04
21537,221024.37
21538,220709.09
21539,222074.23
21540,221858.77
21541,220102.54
21542,221056.36
21543,219898.7
21544,219448.66999999998
21545,219029.86
21546,219568.23
21547,219070.66999999998
21548,218572.2
1930,34658.4775
1931,33512.0825
1932,32111.07
1933,31864.825
1934,30379.875
1935,29265.78
1936,31504.4675
1937,30808.9125
1938,30776.57
1939,31209.645
1940,31097.6575
1941,30055.0475
1942,29496.98
1943,30939.3875
1944,28349.65
1945,29409.855
1946,27500.6275
1947,28537.33
1948,28838.5275
1949,28685.9525
1950,30978.02
1951,30804.62
1952,30900.84
1953,30438.7375
1954,28716.765
1955,28210.2925
1956,28391.5975
1957,29672.675
1958,29900.7725
1959,29781.73
3888,151080.08
3889,151899.08
3890,151368.62
3891,149883.44
3892,148880.3
3893,138407.09
3894,130699.94
3895,145333.49
3896,142359.98
3897,140362.7
3898,140019.35
3899,140996.39
3900,133530.53
3901,126300.73999999999
3902,138229.88
3903,136779.26
3904,130854.2
3905,118397.3
3906,117011.3
3907,118948.91
3908,117494.6
3909,132409.49
3910,133725.47
3911,134093.21
3912,131809.82
3913,120166.43
3914,121245.26
3915,118745.78
3916,133280.33
3917,134879.45
9765,10401.9175
9766,10233.1075
9767,10045.385
9768,9789.1525
9769,8644.415
9770,8556.2275
9771,8911.994999999999
9772,9051.0125
9773,9296.067500000001
9774,9190.0725
9775,9649.795
9776,9045.657500000001
9777,9016.3325
9778,9270.4825
9779,9225.305
9780,9247.83
9781,8870.9825
9782,8944.3375
9783,8919.432499999999
9784,8832.2225
9785,9392.244999999999
9786,9351.5725
9787,9417.5325
9788,9465.7275
9789,8975.1925
9790,9199.635
9791,9352.3375
9792,9698.585
9793,9586.1725
9794,9735.56
11724,15426.0
11725,15739.0
11726,15276.0
11727,14961.0
11728,14461.0
11729,14335.0
11730,14494.0
11731,14496.0
11732,14302.0
11733,14583.0
11734,14236.0
11735,14100.0
11736,14076.0
11737,14400.0
11738,14412.0
11739,14784.0
11740,11837.0
11741,11971.0
11742,11960.0
11743,11907.0
11744,12045.0
11745,11993.0
11746,12523.0
11747,12570.0
11748,12379.0
11749,12354.0
11750,12362.0
11751,12570.0
11752,12546.0
11753,12209.0
13683,106168.4375
13684,105447.6875
13685,105278.0
13686,103122.5
13687,96303.5
13688,95541.875
13689,101828.5625
13690,100098.875
13691,99993.6875
13692,101137.4375
13693,101567.0
13694,99016.0625
13695,94591.25
13696,98054.375
13697,100968.3125
13698,96874.0625
13699,92483.0
13700,92140.4375
13701,91658.5625
13702,90403.8125
13703,96127.0625
13704,97419.3125
13705,98417.75
13706,95918.75
13707,90452.5625
13708,91287.125
13709,90269.9375
13710,95009.75
13711,96395.75
13712,94042.25
15642,44186.0
15643,43486.0
15644,43623.0
15645,42871.0
15646,40916.0
15647,39052.0
15648,42469.0
15649,42264.0
15650,41655.0
15651,42303.0
15652,42842.0
15653,41290.0
15654,40314.0
15655,42073.0
15656,42137.0
15657,42344.0
15658,38316.0
15659,38684.0
15660,38783.0
15661,37111.0
15662,39418.0
15663,39879.0
15664,40159.0
15665,39819.0
15666,36551.0
15667,37488.0
15668,37127.0
15669,38561.0
15670,39204.0
15671,39011.0
5847,267562.37
5848,268154.3
5849,277891.76
5850,255921.14
5851,240889.25
5852,231599.0
5853,250832.81
5854,247361.15
5855,247169.36
5856,252057.71
5857,246909.35
5858,235272.71
5859,222986.45
5860,242971.76
5861,241790.96
5862,229184.75
5863,205118.93
5864,204639.32
5865,208628.66
5866,207656.66
5867,233577.74
5868,243383.78
5869,246142.01
5870,233063.12
5871,204112.46
5872,200424.35
5873,198731.63
5874,229623.95
5875,227008.73
5876,227712.98
7806,404217.0
7807,405134.0
7808,402977.0
7809,401968.0
7810,379603.0
7811,367809.0
7812,393834.0
7813,386005.0
7814,380965.0
7815,385249.0
7816,385091.0
7817,366818.0
7818,358589.0
7819,381028.0
7820,378294.0
7821,367541.0
7822,339170.0
7823,343398.0
7824,344932.0
7825,343752.0
7826,368709.0
7827,368544.0
7828,372293.0
7829,371663.0
7830,341093.0
7831,340284.0
7832,338913.0
7833,363490.0
7834,361985.0
7835,360389.0
