Num,y
348622,1480.9635912252597
348623,27241.65528074006
348624,299651.71532984945
348625,28998.745490866488
348626,0.0
348627,147205.77164458003
348628,68446.12613872995
348629,111795.30219698476
348630,102204.00987274796
348631,2979.6606240779547
348632,1449.592357619551
348633,55034.74058290694
348634,288074.80285185657
348635,21219.961740880775
348636,1886.4832902538021
348637,179550.93381217148
348638,121843.24116723283
348639,500953.99065321696
348640,501539.17402392975
348641,2308.7799767976644
348642,114477.51492055968
348643,84652.08585703882
348644,1243.1201802070486
348645,24427.446054788816
348646,10698.788820726266
348647,151867.93255781799
348648,7615.004829648244
348649,19079.765778999354
348650,6348.37179900712
348651,23656.61888982229
348652,16706.7602722518
348653,281192.73719555367
348654,8296.08044135624
348655,23296.65662183794
348656,10516.352559258203
348657,2606.477221753499
348658,44575.16488026447
348659,2027.7557237530336
348660,186.50162996791778
348661,16403.47774362587
348662,7335.384950876886
348663,17891.782117921262
348664,1245610.7772219274
348665,79171.98003841563
348666,342342.0923047315
348667,917090.6454031123
348668,100456.74588471506
348669,27419.039214619595
348670,25609.08970532058
348671,0.0
348672,47450.46961570384
348673,76.26680254075404
348674,229.2742318334491
348675,2763493.9553806614
348676,384883.3962179303
348677,5969.7681743298745
348678,46811.087922011015
348679,344880.6026539365
348680,15083.761820065589
348681,754.0250121326362
348682,38262.423271885295
348683,2090.4753613667062
348684,1650.202696146866
348685,20988.810320416495
348686,191496.51302771474
348687,6427.791789012077
348688,150794.92909819327
348689,42199.12739131925
348690,7469.310754190201
348691,196039.18588712355
348692,14335.564805749375
348693,188434.11593082675
348694,136432.579337943
348695,119639.01512747243
348696,132849.28556131234
348697,97169.3778812407
348698,1233.409096906049
348699,15659.825294769842
348700,11803.25565624843
348701,87236.6518161664
348702,9280.629093253609
348703,57305.99551964404
348704,71704.12872293728
348705,151047.1711326733
348706,117925.47073798973
348707,28087.003398361976
348708,8359.810595394234
348709,61439.04766719001
348710,93581.41967116915
348711,37584.990640687174
348712,5618.936194715755
348713,94533.10877836884
348714,101972.07412636459
348715,186380.70305993618
348716,10543.16725556536
348717,206.14328883382336
348718,4057.3372866751088
348719,6706.576074254564
348720,13910.743277784255
348721,106490.24342037394
348722,3140.947116399773
348723,449.7152201598798
348724,19286.69734424395
348725,6457.371258139472
348726,4662.182755618325
348727,80130.46157861238
348728,305715.8691873632
348729,33397.326805332275
348730,1272052.1871635702
348731,336910.06248719076
348732,33630.01678667975
348733,163365.33564834704
348734,878.9302945165614
348735,2499412.134258708
348736,41243.234394854546
348737,21481.464364419895
348738,704320.3512470442
348739,563815.9141443442
348740,600280.8356778747
348741,1049421.2316568762
348742,113455.72278669762
348743,115499.04577957379
348744,2296.481944106163
348745,6162.000313241488
348746,0.0
348747,13809.848551673014
348748,93828.19572546572
348749,4978.40599927582
348750,28829.466564230537
348751,431882.99245448085
348752,105382.00001368258
348753,568837.7542997977
348754,265567.231661723
348755,93329.69401730492
348756,63018.45732840899
348757,567.2061579708961
348758,14342.665176835297
348759,261287.73185060744
348760,716794.6431097079
348761,316782.7401069305
348762,14853.171521580516
348763,25667.421100821746
348764,131.11362922379868
348765,8425.596208499966
348766,131524.16182281205
348767,1278.9867212688882
348768,138.86524396186354
348769,76267.93304921515
348770,11918.18516145886
348771,3838.469012601212
348772,1304.744917598247
348773,165860.12076229524
348774,874628.0470923737
348775,4193.374261236922
348776,29133.829367820006
348777,186.87173461688172
348778,15275.714341615872
348779,92370.33577407856
348780,182800.3012024032
348781,122087.84511839674
348782,284492.7691935192
348783,395906.0703137497
348784,13606.573531932934
348785,6592.059774433021
348786,20236.93594589491
348787,1969.4066802158104
348788,3845.0506690615066
348789,65844.12099438556
348790,13482.081385582522
348791,658285.4481318841
348792,459925.6737301672
348793,210.73009526726287
348794,267.73416841267374
348795,28.019265900219864
348796,1045.915330748103
348797,998.7313552693453
348798,89026.17045896756
348799,11013.081927993717
348800,1199.7706234629675
348801,4002.804116191924
348802,1659.739479526499
348803,515.2339215109628
348804,1581.9223065953256
348805,2399.7126484692903
348806,822656.2545007922
348807,28063.57410874367
348808,1205911.699330255
348809,357800.00740514015
348810,27764.149215885525
348811,12840.776846345168
348812,1695.8253363024178
348813,24176.10378953417
348814,48479.218829977006
348815,85751.94096484705
348816,206570.76536455035
348817,78617.41986541334
348818,374.2712232325557
348819,302137.00964878395
348820,14762.812780312572
348821,228.14623747606947
348822,0.0
348823,19068.423501694233
348824,0.0
348825,0.0
348826,445.48386163322846
348827,50.0449764796564
348828,119090.21395753726
348829,742058.294596794
348830,282791.28898554965
348831,585743.5470686208
348832,26277.9607427253
348833,1231.0005189278636
348834,30978.11529551353
348835,132708.48777842402
348836,519804.88986484567
348837,69.90743532482804
348838,212.0851989601947
348839,200.9958438281334
348840,5269.350524093982
348841,51145.54418421201
348842,17548.151240455663
348843,304.2463408013016
348844,6282.689234488353
348845,187317.87845793978
348846,494563.7711037304
348847,19607.35258518147
349519,1480.9635912252597
349520,27241.65528074006
349521,299651.71532984945
349522,28998.745490866488
349523,0.0
349524,147205.77164458003
349525,68446.12613872995
349526,111795.30219698476
349527,102204.00987274796
349528,2979.6606240779547
349529,1449.592357619551
349530,55034.74058290694
349531,288074.80285185657
349532,21219.961740880775
349533,1886.4832902538021
349534,179550.93381217148
349535,121843.24116723283
349536,500953.99065321696
349537,501539.17402392975
349538,2308.7799767976644
349539,114477.51492055968
349540,84652.08585703882
349541,1243.1201802070486
349542,24427.446054788816
349543,10698.788820726266
349544,151867.93255781799
349545,7615.004829648244
349546,19079.765778999354
349547,6348.37179900712
349548,23656.61888982229
349549,16706.7602722518
349550,281192.73719555367
349551,8296.08044135624
349552,23296.65662183794
349553,10516.352559258203
349554,2606.477221753499
349555,44575.16488026447
349556,2027.7557237530336
349557,186.50162996791778
349558,16403.47774362587
349559,7335.384950876886
349560,17891.782117921262
349561,1245610.7772219274
349562,79171.98003841563
349563,342342.0923047315
349564,917090.6454031123
349565,100456.74588471506
349566,27419.039214619595
349567,25609.08970532058
349568,0.0
349569,47450.46961570384
349570,76.26680254075404
349571,229.2742318334491
349572,2763493.9553806614
349573,384883.3962179303
349574,5969.7681743298745
349575,46811.087922011015
349576,344880.6026539365
349577,15083.761820065589
349578,754.0250121326362
349579,38262.423271885295
349580,2090.4753613667062
349581,1650.202696146866
349582,20988.810320416495
349583,191496.51302771474
349584,6427.791789012077
349585,150794.92909819327
349586,42199.12739131925
349587,7469.310754190201
349588,196039.18588712355
349589,14335.564805749375
349590,188434.11593082675
349591,136432.579337943
349592,119639.01512747243
349593,132849.28556131234
349594,97169.3778812407
349595,1233.409096906049
349596,15659.825294769842
349597,11803.25565624843
349598,87236.6518161664
349599,9280.629093253609
349600,57305.99551964404
349601,71704.12872293728
349602,151047.1711326733
349603,117925.47073798973
349604,28087.003398361976
349605,8359.810595394234
349606,61439.04766719001
349607,93581.41967116915
349608,37584.990640687174
349609,5618.936194715755
349610,94533.10877836884
349611,101972.07412636459
349612,186380.70305993618
349613,10543.16725556536
349614,206.14328883382336
349615,4057.3372866751088
349616,6706.576074254564
349617,13910.743277784255
349618,106490.24342037394
349619,3140.947116399773
349620,449.7152201598798
349621,19286.69734424395
349622,6457.371258139472
349623,4662.182755618325
349624,80130.46157861238
349625,305715.8691873632
349626,33397.326805332275
349627,1272052.1871635702
349628,336910.06248719076
349629,33630.01678667975
349630,163365.33564834704
349631,878.9302945165614
349632,2499412.134258708
349633,41243.234394854546
349634,21481.464364419895
349635,704320.3512470442
349636,563815.9141443442
349637,600280.8356778747
349638,1049421.2316568762
349639,113455.72278669762
349640,115499.04577957379
349641,2296.481944106163
349642,6162.000313241488
349643,0.0
349644,13809.848551673014
349645,93828.19572546572
349646,4978.40599927582
349647,28829.466564230537
349648,431882.99245448085
349649,105382.00001368258
349650,568837.7542997977
349651,265567.231661723
349652,93329.69401730492
349653,63018.45732840899
349654,567.2061579708961
349655,14342.665176835297
349656,261287.73185060744
349657,716794.6431097079
349658,316782.7401069305
349659,14853.171521580516
349660,25667.421100821746
349661,131.11362922379868
349662,8425.596208499966
349663,131524.16182281205
349664,1278.9867212688882
349665,138.86524396186354
349666,76267.93304921515
349667,11918.18516145886
349668,3838.469012601212
349669,1304.744917598247
349670,165860.12076229524
349671,874628.0470923737
349672,4193.374261236922
349673,29133.829367820006
349674,186.87173461688172
349675,15275.714341615872
349676,92370.33577407856
349677,182800.3012024032
349678,122087.84511839674
349679,284492.7691935192
349680,395906.0703137497
349681,13606.573531932934
349682,6592.059774433021
349683,20236.93594589491
349684,1969.4066802158104
349685,3845.0506690615066
349686,65844.12099438556
349687,13482.081385582522
349688,658285.4481318841
349689,459925.6737301672
349690,210.73009526726287
349691,267.73416841267374
349692,28.019265900219864
349693,1045.915330748103
349694,998.7313552693453
349695,89026.17045896756
349696,11013.081927993717
349697,1199.7706234629675
349698,4002.804116191924
349699,1659.739479526499
349700,515.2339215109628
349701,1581.9223065953256
349702,2399.7126484692903
349703,822656.2545007922
349704,28063.57410874367
349705,1205911.699330255
349706,357800.00740514015
349707,27764.149215885525
349708,12840.776846345168
349709,1695.8253363024178
349710,24176.10378953417
349711,48479.218829977006
349712,85751.94096484705
349713,206570.76536455035
349714,78617.41986541334
349715,374.2712232325557
349716,302137.00964878395
349717,14762.812780312572
349718,228.14623747606947
349719,0.0
349720,19068.423501694233
349721,0.0
349722,0.0
349723,445.48386163322846
349724,50.0449764796564
349725,119090.21395753726
349726,742058.294596794
349727,282791.28898554965
349728,585743.5470686208
349729,26277.9607427253
349730,1231.0005189278636
349731,30978.11529551353
349732,132708.48777842402
349733,519804.88986484567
349734,69.90743532482804
349735,212.0851989601947
349736,200.9958438281334
349737,5269.350524093982
349738,51145.54418421201
349739,17548.151240455663
349740,304.2463408013016
349741,6282.689234488353
349742,187317.87845793978
349743,494563.7711037304
349744,19607.35258518147
349745,34041.15957867149
349746,401613.63971663197
349747,36904.89254429934
349748,11134.142194013515
349749,174844.96278883307
349750,85074.89844149635
349751,222209.230412833
349752,228518.98469414108
349753,2542.8694741063227
349754,1818.73496332393
349755,62035.09146079418
349756,364166.36473086494
349757,26402.991462612583
349758,1434109.380879195
349759,1772.1947567305679
349760,1879.3713386086781
349761,244313.04224315376
349762,138458.760930532
349763,584721.3483227611
349764,641141.0937542164
349765,2220.799014751819
349766,126426.70287731776
349767,112747.37416569203
349768,1257.2161251261375
349769,44940.69823350991
349770,11927.580366748794
349771,178764.65043441672
349772,12503.50931685474
349773,36646.36915683659
349774,18682.941273216038
349775,25826.24695899037
349776,23083.309838721063
349777,340277.661223426
349778,9006.099708503145
349779,29416.087628116613
349780,14107.079572165117
349781,1966.06011349467
349782,55209.01076047081
349783,876.213359467094
349784,27.345220675863857
349785,15164.39630855943
349786,4861.515928204375
349787,7605.8208161016555
349788,4962.828605086996
349789,94577.88398356055
349790,373952.3167392878
349791,1328952.432676618
349792,98244.11270312559
349793,44420.85681771757
349794,28488.738378285598
349795,0.0
349796,62063.75073853007
349797,158.62237392240746
349798,127.44072613992194
349799,3630050.7290480775
349800,479326.8754222042
349801,26403.089110016812
349802,241044.48245778555
349803,447625.5277181913
349804,20196.823624405766
349805,957.0177083716362
349806,44232.91707540319
349807,4607.813989475633
349808,2201.337455796811
349809,22195.41822791127
349810,224238.65155916248
349811,6404.511657865194
349812,190140.8488815067
349813,74104.96079528815
349814,9922.826160758023
349815,216154.98064175303
349816,1656.9185880482569
349817,80330.66129545766
349818,176695.36880301932
349819,161992.2119545826
349820,183576.26653032895
349821,2276.4765401847653
349822,20266.078400144495
349823,15208.245963197223
349824,146739.95314232647
349825,6578.755018346656
349826,90811.13073135904
349827,192699.9215455557
349828,141927.39722530218
349829,64791.159065060565
349830,18426.711379177174
349831,124182.06572300583
349832,9766.70363542058
349833,66828.32432197852
349834,141597.35716315272
349835,66297.8229909974
349836,5830.125002228217
349837,128262.22001973409
349838,145326.1647436244
349839,216697.3663489926
349840,14592.355105943781
349841,102.47876699794004
349842,4244.990645478819
349843,8818.946771599325
349844,19229.524177059262
349845,49934.6502727942
349846,3491.3883954618905
349847,393.3320050083013
349848,20643.113878295564
349849,7915.8174218859385
349850,5663.7671231485565
349851,103293.98693335612
349852,347220.0347613923
349853,39257.81660580071
349854,1562230.9605396963
349855,446462.9489495843
349856,58754.82070817346
349857,201038.7070993943
349858,3092875.5830697967
349859,101707.50338213421
349860,70112.4912522857
349861,916366.6752304791
349862,677475.0706731016
349863,725788.448201261
349864,1377111.0070399474
349865,161056.90724650878
349866,150240.30300683543
349867,2462.9838206089134
349868,5261.664274274874
349869,4.171859531316841
349870,13307.0143052188
349871,106533.02161409544
349872,3759.250875810929
349873,34129.381898167114
349874,517575.09008407727
349875,152334.37600659364
349876,746557.8728257759
349877,352125.527557876
349878,117441.29984832242
349879,76471.25876408571
349880,929.1676674539312
349881,20956.00865556376
349882,315090.15971122624
349883,770752.2602724122
349884,335693.2256296939
349885,21689.87440794739
349886,37672.12202386218
349887,137.43829285335295
349888,23229.920383414305
349889,3531.121227364515
349890,104063.19204355776
349891,162518.57711739515
349892,14800.022171022763
349893,3539.039909156598
349894,823.6308971104553
349895,189941.47295991992
349896,1031342.7424429056
349897,105523.4551282867
349898,3677.798269662537
349899,30290.388260829426
349900,248.6507853102284
349901,1765.656990998847
349902,116693.53065973129
349903,211227.13070492327
349904,146302.5796869871
349905,343334.1558308415
349906,447806.1253465759
349907,15189.81651925081
349908,10932.153533815366
349909,18828.554263685968
349910,1667.1080619171416
349911,1801.941369568298
349912,85248.71903783322
349913,22768.455505292215
349914,774355.4485034412
349915,3480.5023913081063
349916,375.2867278934416
349917,298.2586347912252
349918,0.0
349919,287.574866963173
349920,1894.363757091244
349921,1411.5139376403101
349922,102085.8470330004
349923,11851.866526114174
349924,1236.1961869891302
349925,4818.003846253011
349926,1488.565978012212
349927,1825.0097408547647
349928,2692.071159665599
349929,31106.91442237963
349930,1028830.907814913
349931,567927.4444772998
349932,1890733.2050905812
349933,703906.1808468403
349934,34162.54505288058
349935,26020.827348251973
349936,1058.5897737933537
349937,43879.61884872833
349938,93114.49643030037
349939,157640.27340497874
349940,267912.88154001365
349941,87907.60106398338
349942,378616.0972127817
349943,378.1119779600523
349944,23318.313840949737
349945,22091.151471480793
349946,35515.11234953286
349947,60439.64975000163
349948,609.8606366901693
349949,128.07849806993613
349950,143412.46568298718
349951,907557.7276545336
349952,399727.94460025686
349953,767597.3488697472
349954,31893.954002994597
349955,1017.1009434255702
349956,37295.56327783545
349957,157444.71598443115
349958,174.5960753046288
349959,59.57049431047017
349960,147.40620902400372
349961,253.66812256537594
349962,8306.408042378276
349963,75831.12096714452
349964,25144.131390153998
349965,694338.4487076984
349966,642653.2368298739
349967,261083.81908706244
349968,32031.1183036066
349969,316.0311917058074
349970,7202.617668788839
350191,1480.9635912252597
350192,27241.65528074006
350193,299651.71532984945
350194,28998.745490866488
350195,0.0
350196,147205.77164458003
350197,68446.12613872995
350198,111795.30219698476
350199,102204.00987274796
350200,2979.6606240779547
350201,1449.592357619551
350202,55034.74058290694
350203,288074.80285185657
350204,21219.961740880775
350205,1886.4832902538021
350206,179550.93381217148
350207,121843.24116723283
350208,500953.99065321696
350209,501539.17402392975
350210,2308.7799767976644
350211,114477.51492055968
350212,84652.08585703882
350213,1243.1201802070486
350214,24427.446054788816
350215,10698.788820726266
350216,151867.93255781799
350217,7615.004829648244
350218,19079.765778999354
350219,6348.37179900712
350220,23656.61888982229
350221,16706.7602722518
350222,281192.73719555367
350223,8296.08044135624
350224,23296.65662183794
350225,10516.352559258203
350226,2606.477221753499
350227,44575.16488026447
350228,2027.7557237530336
350229,186.50162996791778
350230,16403.47774362587
350231,7335.384950876886
350232,17891.782117921262
350233,1245610.7772219274
350234,79171.98003841563
350235,342342.0923047315
350236,917090.6454031123
350237,100456.74588471506
350238,27419.039214619595
350239,25609.08970532058
350240,0.0
350241,47450.46961570384
350242,76.26680254075404
350243,229.2742318334491
350244,2763493.9553806614
350245,384883.3962179303
350246,5969.7681743298745
350247,46811.087922011015
350248,344880.6026539365
350249,15083.761820065589
350250,754.0250121326362
350251,38262.423271885295
350252,2090.4753613667062
350253,1650.202696146866
350254,20988.810320416495
350255,191496.51302771474
350256,6427.791789012077
350257,150794.92909819327
350258,42199.12739131925
350259,7469.310754190201
350260,196039.18588712355
350261,14335.564805749375
350262,188434.11593082675
350263,136432.579337943
350264,119639.01512747243
350265,132849.28556131234
350266,97169.3778812407
350267,1233.409096906049
350268,15659.825294769842
350269,11803.25565624843
350270,87236.6518161664
350271,9280.629093253609
350272,57305.99551964404
350273,71704.12872293728
350274,151047.1711326733
350275,117925.47073798973
350276,28087.003398361976
350277,8359.810595394234
350278,61439.04766719001
350279,93581.41967116915
350280,37584.990640687174
350281,5618.936194715755
350282,94533.10877836884
350283,101972.07412636459
350284,186380.70305993618
350285,10543.16725556536
350286,206.14328883382336
350287,4057.3372866751088
350288,6706.576074254564
350289,13910.743277784255
350290,106490.24342037394
350291,3140.947116399773
350292,449.7152201598798
350293,19286.69734424395
350294,6457.371258139472
350295,4662.182755618325
350296,80130.46157861238
350297,305715.8691873632
350298,33397.326805332275
350299,1272052.1871635702
350300,336910.06248719076
350301,33630.01678667975
350302,163365.33564834704
350303,878.9302945165614
350304,2499412.134258708
350305,41243.234394854546
350306,21481.464364419895
350307,704320.3512470442
350308,563815.9141443442
350309,600280.8356778747
350310,1049421.2316568762
350311,113455.72278669762
350312,115499.04577957379
350313,2296.481944106163
350314,6162.000313241488
350315,0.0
350316,13809.848551673014
350317,93828.19572546572
350318,4978.40599927582
350319,28829.466564230537
350320,431882.99245448085
350321,105382.00001368258
350322,568837.7542997977
350323,265567.231661723
350324,93329.69401730492
350325,63018.45732840899
350326,567.2061579708961
350327,14342.665176835297
350328,261287.73185060744
350329,716794.6431097079
350330,316782.7401069305
350331,14853.171521580516
350332,25667.421100821746
350333,131.11362922379868
350334,8425.596208499966
350335,131524.16182281205
350336,1278.9867212688882
350337,138.86524396186354
350338,76267.93304921515
350339,11918.18516145886
350340,3838.469012601212
350341,1304.744917598247
350342,165860.12076229524
350343,874628.0470923737
350344,4193.374261236922
350345,29133.829367820006
350346,186.87173461688172
350347,15275.714341615872
350348,92370.33577407856
350349,182800.3012024032
350350,122087.84511839674
350351,284492.7691935192
350352,395906.0703137497
350353,13606.573531932934
350354,6592.059774433021
350355,20236.93594589491
350356,1969.4066802158104
350357,3845.0506690615066
350358,65844.12099438556
350359,13482.081385582522
350360,658285.4481318841
350361,459925.6737301672
350362,210.73009526726287
350363,267.73416841267374
350364,28.019265900219864
350365,1045.915330748103
350366,998.7313552693453
350367,89026.17045896756
350368,11013.081927993717
350369,1199.7706234629675
350370,4002.804116191924
350371,1659.739479526499
350372,515.2339215109628
350373,1581.9223065953256
350374,2399.7126484692903
350375,822656.2545007922
350376,28063.57410874367
350377,1205911.699330255
350378,357800.00740514015
350379,27764.149215885525
350380,12840.776846345168
350381,1695.8253363024178
350382,24176.10378953417
350383,48479.218829977006
350384,85751.94096484705
350385,206570.76536455035
350386,78617.41986541334
350387,374.2712232325557
350388,302137.00964878395
350389,14762.812780312572
350390,228.14623747606947
350391,0.0
350392,19068.423501694233
350393,0.0
350394,0.0
350395,445.48386163322846
350396,50.0449764796564
350397,119090.21395753726
350398,742058.294596794
350399,282791.28898554965
350400,585743.5470686208
350401,26277.9607427253
350402,1231.0005189278636
350403,30978.11529551353
350404,132708.48777842402
350405,519804.88986484567
350406,69.90743532482804
350407,212.0851989601947
350408,200.9958438281334
350409,5269.350524093982
350410,51145.54418421201
350411,17548.151240455663
350412,304.2463408013016
350413,6282.689234488353
350414,187317.87845793978
350415,494563.7711037304
350416,19607.35258518147
350417,34041.15957867149
350418,401613.63971663197
350419,36904.89254429934
350420,11134.142194013515
350421,174844.96278883307
350422,85074.89844149635
350423,222209.230412833
350424,228518.98469414108
350425,2542.8694741063227
350426,1818.73496332393
350427,62035.09146079418
350428,364166.36473086494
350429,26402.991462612583
350430,1434109.380879195
350431,1772.1947567305679
350432,1879.3713386086781
350433,244313.04224315376
350434,138458.760930532
350435,584721.3483227611
350436,641141.0937542164
350437,2220.799014751819
350438,126426.70287731776
350439,112747.37416569203
350440,1257.2161251261375
350441,44940.69823350991
350442,11927.580366748794
350443,178764.65043441672
350444,12503.50931685474
350445,36646.36915683659
350446,18682.941273216038
350447,25826.24695899037
350448,23083.309838721063
350449,340277.661223426
350450,9006.099708503145
350451,29416.087628116613
350452,14107.079572165117
350453,1966.06011349467
350454,55209.01076047081
350455,876.213359467094
350456,27.345220675863857
350457,15164.39630855943
350458,4861.515928204375
350459,7605.8208161016555
350460,4962.828605086996
350461,94577.88398356055
350462,373952.3167392878
350463,1328952.432676618
350464,98244.11270312559
350465,44420.85681771757
350466,28488.738378285598
350467,0.0
350468,62063.75073853007
350469,158.62237392240746
350470,127.44072613992194
350471,3630050.7290480775
350472,479326.8754222042
350473,26403.089110016812
350474,241044.48245778555
350475,447625.5277181913
350476,20196.823624405766
350477,957.0177083716362
350478,44232.91707540319
350479,4607.813989475633
350480,2201.337455796811
350481,22195.41822791127
350482,224238.65155916248
350483,6404.511657865194
350484,190140.8488815067
350485,74104.96079528815
350486,9922.826160758023
350487,216154.98064175303
350488,1656.9185880482569
350489,80330.66129545766
350490,176695.36880301932
350491,161992.2119545826
350492,183576.26653032895
350493,2276.4765401847653
350494,20266.078400144495
350495,15208.245963197223
350496,146739.95314232647
350497,6578.755018346656
350498,90811.13073135904
350499,192699.9215455557
350500,141927.39722530218
350501,64791.159065060565
350502,18426.711379177174
350503,124182.06572300583
350504,9766.70363542058
350505,66828.32432197852
350506,141597.35716315272
350507,66297.8229909974
350508,5830.125002228217
350509,128262.22001973409
350510,145326.1647436244
350511,216697.3663489926
350512,14592.355105943781
350513,102.47876699794004
350514,4244.990645478819
350515,8818.946771599325
350516,19229.524177059262
350517,49934.6502727942
350518,3491.3883954618905
350519,393.3320050083013
350520,20643.113878295564
350521,7915.8174218859385
350522,5663.7671231485565
350523,103293.98693335612
350524,347220.0347613923
350525,39257.81660580071
350526,1562230.9605396963
350527,446462.9489495843
350528,58754.82070817346
350529,201038.7070993943
350530,3092875.5830697967
350531,101707.50338213421
350532,70112.4912522857
350533,916366.6752304791
350534,677475.0706731016
350535,725788.448201261
350536,1377111.0070399474
350537,161056.90724650878
350538,150240.30300683543
350539,2462.9838206089134
350540,5261.664274274874
350541,4.171859531316841
350542,13307.0143052188
350543,106533.02161409544
350544,3759.250875810929
350545,34129.381898167114
350546,517575.09008407727
350547,152334.37600659364
350548,746557.8728257759
350549,352125.527557876
350550,117441.29984832242
350551,76471.25876408571
350552,929.1676674539312
350553,20956.00865556376
350554,315090.15971122624
350555,770752.2602724122
350556,335693.2256296939
350557,21689.87440794739
350558,37672.12202386218
350559,137.43829285335295
350560,23229.920383414305
350561,3531.121227364515
350562,104063.19204355776
350563,162518.57711739515
350564,14800.022171022763
350565,3539.039909156598
350566,823.6308971104553
350567,189941.47295991992
350568,1031342.7424429056
350569,105523.4551282867
350570,3677.798269662537
350571,30290.388260829426
350572,248.6507853102284
350573,1765.656990998847
350574,116693.53065973129
350575,211227.13070492327
350576,146302.5796869871
350577,343334.1558308415
350578,447806.1253465759
350579,15189.81651925081
350580,10932.153533815366
350581,18828.554263685968
350582,1667.1080619171416
350583,1801.941369568298
350584,85248.71903783322
350585,22768.455505292215
350586,774355.4485034412
350587,3480.5023913081063
350588,375.2867278934416
350589,298.2586347912252
350590,0.0
350591,287.574866963173
350592,1894.363757091244
350593,1411.5139376403101
350594,102085.8470330004
350595,11851.866526114174
350596,1236.1961869891302
350597,4818.003846253011
350598,1488.565978012212
350599,1825.0097408547647
350600,2692.071159665599
350601,31106.91442237963
350602,1028830.907814913
350603,567927.4444772998
350604,1890733.2050905812
350605,703906.1808468403
350606,34162.54505288058
350607,26020.827348251973
350608,1058.5897737933537
350609,43879.61884872833
350610,93114.49643030037
350611,157640.27340497874
350612,267912.88154001365
350613,87907.60106398338
350614,378616.0972127817
350615,378.1119779600523
350616,23318.313840949737
350617,22091.151471480793
350618,35515.11234953286
350619,60439.64975000163
350620,609.8606366901693
350621,128.07849806993613
350622,143412.46568298718
350623,907557.7276545336
350624,399727.94460025686
350625,767597.3488697472
350626,31893.954002994597
350627,1017.1009434255702
350628,37295.56327783545
350629,157444.71598443115
350630,174.5960753046288
350631,59.57049431047017
350632,147.40620902400372
350633,253.66812256537594
350634,8306.408042378276
350635,75831.12096714452
350636,25144.131390153998
350637,694338.4487076984
350638,642653.2368298739
350639,261083.81908706244
350640,32031.1183036066
350641,316.0311917058074
350642,7202.617668788839
350643,244501.67943111528
350644,84177.56946808043
350645,14981.5543812635
350646,11560.044766520758
350647,17502.817055539857
350648,436826.3709874527
350649,46698.72457851136
350650,58027.07002265008
350651,183264.0283223553
350652,0.0
350653,33012.78945736122
350654,80680.22487917978
350655,11290.242002692892
350656,386822.84179326444
350657,185719.4310614213
350658,620131.0881969769
350659,581249.825091082
350660,4330.681363368144
350661,168403.45095997563
350662,102480.40675982066
350663,1232.7759485467573
350664,4716.995425824149
350665,9007.631300596258
350666,156451.21481012966
350667,4169.440165396935
350668,112112.33966908391
350669,80072.72775363192
350670,831214.8742354682
350671,120710.37040200608
350672,42869.10002152716
350673,26436.55760768845
350674,11325.228360801988
350675,3058.009503626692
350676,56710.41983113815
350677,42534.09048475434
350678,1116.3192081798861
350679,22902.481019585866
350680,21884.244046966618
350681,14410.509989413891
350682,30353.419728206845
350683,111430.13759004738
350684,327750.7566022696
350685,2070245.0876618044
350686,119102.54007244883
350687,87740.77353830857
350688,33103.359312252775
350689,93214.18234861479
350690,47981.362927909795
350691,1652.8657627239104
350692,1764.8040808782853
350693,3575134.2780033574
350694,544186.1876952596
350695,2563.0115343826656
350696,1573809.5664879228
350697,32784.75325209483
350698,54684.44699844538
350699,41791.641672485166
350700,307.2437740187643
350701,45768.934163018406
350702,3332.9212867266788
350703,3415.6260984342052
350704,32752.473641187928
350705,58782.54153599771
350706,25148.39834394673
350707,169838.19303677138
350708,58221.6736063105
350709,8621.572049700808
350710,241981.57021358356
350711,25891.82757186022
350712,284615.5804488561
350713,173527.0896477736
350714,155208.96111965546
350715,52070.99589310167
350716,2245.219352909189
350717,17225.92682899267
350718,14058.673999740913
350719,0.0
350720,12089.888268249506
350721,66153.59254927444
350722,105375.38616246646
350723,111290.7829111284
350724,141410.92758662652
350725,39751.89873711401
350726,1302.681395454938
350727,107.06934031519631
350728,4209.972430427311
350729,8503.166497189683
350730,96579.26291098475
350731,125031.64766534767
350732,173364.2631827909
350733,11382.793779265858
350734,274.81205835762444
350735,3856.7156901788767
350736,7780.90251225495
350737,9731.570972260522
350738,10026.19656263188
350739,3320.4921653479187
350740,6085.118881449836
350741,17892.826815669618
350742,758.8808723778311
350743,1192.7672017755076
350744,70359.4888866464
350745,228451.82024994027
350746,37369.27037491374
350747,1062655.2312556626
350748,347994.67442433006
350749,24851.5840265753
350750,230724.34980190353
350751,0.0
350752,131542.8760352534
350753,5136111.425092742
350754,10758.667245142162
350755,1140374.9426020007
350756,1543973.5176524222
350757,900121.0612450461
350758,3356028.067378356
350759,157684.39158810885
350760,125893.78017860086
350761,17899.74703843831
350762,59556.60990919676
350763,8104.722187395277
350764,17758.71108036433
350765,140112.72552994185
350766,18411.813229077132
350767,29572.339089161193
350768,832999.1198645962
350769,166226.99977998793
350770,638409.0821095575
350771,289232.4488502228
350772,123636.75445629147
350773,75571.48311273134
350774,21.541119766607153
350775,26022.427575375536
350776,309908.30526807613
350777,815146.2322075104
350778,422930.61700516666
350779,23681.194223878756
350780,25453.31636846038
350781,201379.0400819764
350782,30126.046450486116
350783,276262.93385763606
350784,4989.673216299354
350785,94812.4409937679
350786,16709.228097389107
350787,0.0
350788,1627.0182535338408
350789,234110.1382705504
350790,1405642.02857801
350791,161867.33438552174
350792,3470.0966698263683
350793,0.0
350794,741.9994032237894
350795,4984.275209789783
350796,301650.83415784885
350797,209684.80725375033
350798,420204.58292243787
350799,556157.8490353656
350800,16483.313820936302
350801,14083.220288836696
350802,40347.80089386791
350803,1456.0291068695615
350804,7494.852875261953
350805,143717.8514554551
350806,64352.766223098064
350807,1286960.0667870634
350808,64042.07066209588
350809,440214.7095701308
350810,929.5425641592491
350811,11043.243577122566
350812,11060.275086067564
350813,105558.32030424416
350814,21011.430575245802
350815,2291.1692072767764
350816,5304.929777681948
350817,4315.972865630135
350818,908.735081341385
350819,4986.8349617103295
350820,9533.68660092356
350821,908000.6992477869
350822,493915.0978039586
350823,24999.723996215656
350824,26395.45064239262
350825,9613.770159714979
350826,29012.067043431573
350827,12677.094355806092
350828,32311.485568502987
350829,31823.720655145728
350830,73089.83538790209
350831,241607.78145308845
350832,106052.70537910977
350833,28895.463308583505
350834,490986.6163194331
350835,28836.921670350537
350836,38650.921143381005
350837,634.6336419351094
350838,2130.334093739999
350839,25241.122871967757
350840,705.2590559944061
350841,155.33104550564195
350842,128636.32930521239
350843,717495.4045444003
350844,294670.2965816044
350845,675315.4144758077
350846,31211.559466278435
350847,7663.555377639333
350848,38320.74375791596
350849,615629.598293885
350850,175537.5681419667
350851,298740.06512599956
350852,734270.3755903086
350853,3169.790721719532
350854,1636.7236002744912
350855,2033.8105726396698
350856,1313.4609902984685
350857,11358.475774801003
350858,7323.135341101282
350859,21187.87741127219
350860,19475.905586744146
350861,1005.2360123207288
350862,6510.771523578402
350863,34041.15957867149
350864,401613.63971663197
350865,36904.89254429934
350866,11134.142194013515
350867,174844.96278883307
350868,85074.89844149635
350869,222209.230412833
350870,228518.98469414108
350871,2542.8694741063227
350872,1818.73496332393
350873,62035.09146079418
350874,364166.36473086494
350875,26402.991462612583
350876,1434109.380879195
350877,1772.1947567305679
350878,1879.3713386086781
350879,244313.04224315376
350880,138458.760930532
350881,584721.3483227611
350882,641141.0937542164
350883,2220.799014751819
350884,126426.70287731776
350885,112747.37416569203
350886,1257.2161251261375
350887,44940.69823350991
350888,11927.580366748794
350889,178764.65043441672
350890,12503.50931685474
350891,36646.36915683659
350892,18682.941273216038
350893,25826.24695899037
350894,23083.309838721063
350895,340277.661223426
350896,9006.099708503145
350897,29416.087628116613
350898,14107.079572165117
350899,1966.06011349467
350900,55209.01076047081
350901,876.213359467094
350902,27.345220675863857
350903,15164.39630855943
350904,4861.515928204375
350905,7605.8208161016555
350906,4962.828605086996
350907,94577.88398356055
350908,373952.3167392878
350909,1328952.432676618
350910,98244.11270312559
350911,44420.85681771757
350912,28488.738378285598
350913,0.0
350914,62063.75073853007
350915,158.62237392240746
350916,127.44072613992194
350917,3630050.7290480775
350918,479326.8754222042
350919,26403.089110016812
350920,241044.48245778555
350921,447625.5277181913
350922,20196.823624405766
350923,957.0177083716362
350924,44232.91707540319
350925,4607.813989475633
350926,2201.337455796811
350927,22195.41822791127
350928,224238.65155916248
350929,6404.511657865194
350930,190140.8488815067
350931,74104.96079528815
350932,9922.826160758023
350933,216154.98064175303
350934,1656.9185880482569
350935,80330.66129545766
350936,176695.36880301932
350937,161992.2119545826
350938,183576.26653032895
350939,2276.4765401847653
350940,20266.078400144495
350941,15208.245963197223
350942,146739.95314232647
350943,6578.755018346656
350944,90811.13073135904
350945,192699.9215455557
350946,141927.39722530218
350947,64791.159065060565
350948,18426.711379177174
350949,124182.06572300583
350950,9766.70363542058
350951,66828.32432197852
350952,141597.35716315272
350953,66297.8229909974
350954,5830.125002228217
350955,128262.22001973409
350956,145326.1647436244
350957,216697.3663489926
350958,14592.355105943781
350959,102.47876699794004
350960,4244.990645478819
350961,8818.946771599325
350962,19229.524177059262
350963,49934.6502727942
350964,3491.3883954618905
350965,393.3320050083013
350966,20643.113878295564
350967,7915.8174218859385
350968,5663.7671231485565
350969,103293.98693335612
350970,347220.0347613923
350971,39257.81660580071
350972,1562230.9605396963
350973,446462.9489495843
350974,58754.82070817346
350975,201038.7070993943
350976,3092875.5830697967
350977,101707.50338213421
350978,70112.4912522857
350979,916366.6752304791
350980,677475.0706731016
350981,725788.448201261
350982,1377111.0070399474
350983,161056.90724650878
350984,150240.30300683543
350985,2462.9838206089134
350986,5261.664274274874
350987,4.171859531316841
350988,13307.0143052188
350989,106533.02161409544
350990,3759.250875810929
350991,34129.381898167114
350992,517575.09008407727
350993,152334.37600659364
350994,746557.8728257759
350995,352125.527557876
350996,117441.29984832242
350997,76471.25876408571
350998,929.1676674539312
350999,20956.00865556376
351000,315090.15971122624
351001,770752.2602724122
351002,335693.2256296939
351003,21689.87440794739
351004,37672.12202386218
351005,137.43829285335295
351006,23229.920383414305
351007,3531.121227364515
351008,104063.19204355776
351009,162518.57711739515
351010,14800.022171022763
351011,3539.039909156598
351012,823.6308971104553
351013,189941.47295991992
351014,1031342.7424429056
351015,105523.4551282867
351016,3677.798269662537
351017,30290.388260829426
351018,248.6507853102284
351019,1765.656990998847
351020,116693.53065973129
351021,211227.13070492327
351022,146302.5796869871
351023,343334.1558308415
351024,447806.1253465759
351025,15189.81651925081
351026,10932.153533815366
351027,18828.554263685968
351028,1667.1080619171416
351029,1801.941369568298
351030,85248.71903783322
351031,22768.455505292215
351032,774355.4485034412
351033,3480.5023913081063
351034,375.2867278934416
351035,298.2586347912252
351036,0.0
351037,287.574866963173
351038,1894.363757091244
351039,1411.5139376403101
351040,102085.8470330004
351041,11851.866526114174
351042,1236.1961869891302
351043,4818.003846253011
351044,1488.565978012212
351045,1825.0097408547647
351046,2692.071159665599
351047,31106.91442237963
351048,1028830.907814913
351049,567927.4444772998
351050,1890733.2050905812
351051,703906.1808468403
351052,34162.54505288058
351053,26020.827348251973
351054,1058.5897737933537
351055,43879.61884872833
351056,93114.49643030037
351057,157640.27340497874
351058,267912.88154001365
351059,87907.60106398338
351060,378616.0972127817
351061,378.1119779600523
351062,23318.313840949737
351063,22091.151471480793
351064,35515.11234953286
351065,60439.64975000163
351066,609.8606366901693
351067,128.07849806993613
351068,143412.46568298718
351069,907557.7276545336
351070,399727.94460025686
351071,767597.3488697472
351072,31893.954002994597
351073,1017.1009434255702
351074,37295.56327783545
351075,157444.71598443115
351076,174.5960753046288
351077,59.57049431047017
351078,147.40620902400372
351079,253.66812256537594
351080,8306.408042378276
351081,75831.12096714452
351082,25144.131390153998
351083,694338.4487076984
351084,642653.2368298739
351085,261083.81908706244
351086,32031.1183036066
351087,316.0311917058074
351088,7202.617668788839
351089,244501.67943111528
351090,84177.56946808043
351091,14981.5543812635
351092,11560.044766520758
351093,17502.817055539857
351094,436826.3709874527
351095,46698.72457851136
351096,58027.07002265008
351097,183264.0283223553
351098,0.0
351099,33012.78945736122
351100,80680.22487917978
351101,11290.242002692892
351102,386822.84179326444
351103,185719.4310614213
351104,620131.0881969769
351105,581249.825091082
351106,4330.681363368144
351107,168403.45095997563
351108,102480.40675982066
351109,1232.7759485467573
351110,4716.995425824149
351111,9007.631300596258
351112,156451.21481012966
351113,4169.440165396935
351114,112112.33966908391
351115,80072.72775363192
351116,831214.8742354682
351117,120710.37040200608
351118,42869.10002152716
351119,26436.55760768845
351120,11325.228360801988
351121,3058.009503626692
351122,56710.41983113815
351123,42534.09048475434
351124,1116.3192081798861
351125,22902.481019585866
351126,21884.244046966618
351127,14410.509989413891
351128,30353.419728206845
351129,111430.13759004738
351130,327750.7566022696
351131,2070245.0876618044
351132,119102.54007244883
351133,87740.77353830857
351134,33103.359312252775
351135,93214.18234861479
351136,47981.362927909795
351137,1652.8657627239104
351138,1764.8040808782853
351139,3575134.2780033574
351140,544186.1876952596
351141,2563.0115343826656
351142,1573809.5664879228
351143,32784.75325209483
351144,54684.44699844538
351145,41791.641672485166
351146,307.2437740187643
351147,45768.934163018406
351148,3332.9212867266788
351149,3415.6260984342052
351150,32752.473641187928
351151,58782.54153599771
351152,25148.39834394673
351153,169838.19303677138
351154,58221.6736063105
351155,8621.572049700808
351156,241981.57021358356
351157,25891.82757186022
351158,284615.5804488561
351159,173527.0896477736
351160,155208.96111965546
351161,52070.99589310167
351162,2245.219352909189
351163,17225.92682899267
351164,14058.673999740913
351165,0.0
351166,12089.888268249506
351167,66153.59254927444
351168,105375.38616246646
351169,111290.7829111284
351170,141410.92758662652
351171,39751.89873711401
351172,1302.681395454938
351173,107.06934031519631
351174,4209.972430427311
351175,8503.166497189683
351176,96579.26291098475
351177,125031.64766534767
351178,173364.2631827909
351179,11382.793779265858
351180,274.81205835762444
351181,3856.7156901788767
351182,7780.90251225495
351183,9731.570972260522
351184,10026.19656263188
351185,3320.4921653479187
351186,6085.118881449836
351187,17892.826815669618
351188,758.8808723778311
351189,1192.7672017755076
351190,70359.4888866464
351191,228451.82024994027
351192,37369.27037491374
351193,1062655.2312556626
351194,347994.67442433006
351195,24851.5840265753
351196,230724.34980190353
351197,0.0
351198,131542.8760352534
351199,5136111.425092742
351200,10758.667245142162
351201,1140374.9426020007
351202,1543973.5176524222
351203,900121.0612450461
351204,3356028.067378356
351205,157684.39158810885
351206,125893.78017860086
351207,17899.74703843831
351208,59556.60990919676
351209,8104.722187395277
351210,17758.71108036433
351211,140112.72552994185
351212,18411.813229077132
351213,29572.339089161193
351214,832999.1198645962
351215,166226.99977998793
351216,638409.0821095575
351217,289232.4488502228
351218,123636.75445629147
351219,75571.48311273134
351220,21.541119766607153
351221,26022.427575375536
351222,309908.30526807613
351223,815146.2322075104
351224,422930.61700516666
351225,23681.194223878756
351226,25453.31636846038
351227,201379.0400819764
351228,30126.046450486116
351229,276262.93385763606
351230,4989.673216299354
351231,94812.4409937679
351232,16709.228097389107
351233,0.0
351234,1627.0182535338408
351235,234110.1382705504
351236,1405642.02857801
351237,161867.33438552174
351238,3470.0966698263683
351239,0.0
351240,741.9994032237894
351241,4984.275209789783
351242,301650.83415784885
351243,209684.80725375033
351244,420204.58292243787
351245,556157.8490353656
351246,16483.313820936302
351247,14083.220288836696
351248,40347.80089386791
351249,1456.0291068695615
351250,7494.852875261953
351251,143717.8514554551
351252,64352.766223098064
351253,1286960.0667870634
351254,64042.07066209588
351255,440214.7095701308
351256,929.5425641592491
351257,11043.243577122566
351258,11060.275086067564
351259,105558.32030424416
351260,21011.430575245802
351261,2291.1692072767764
351262,5304.929777681948
351263,4315.972865630135
351264,908.735081341385
351265,4986.8349617103295
351266,9533.68660092356
351267,908000.6992477869
351268,493915.0978039586
351269,24999.723996215656
351270,26395.45064239262
351271,9613.770159714979
351272,29012.067043431573
351273,12677.094355806092
351274,32311.485568502987
351275,31823.720655145728
351276,73089.83538790209
351277,241607.78145308845
351278,106052.70537910977
351279,28895.463308583505
351280,490986.6163194331
351281,28836.921670350537
351282,38650.921143381005
351283,634.6336419351094
351284,2130.334093739999
351285,25241.122871967757
351286,705.2590559944061
351287,155.33104550564195
351288,128636.32930521239
351289,717495.4045444003
351290,294670.2965816044
351291,675315.4144758077
351292,31211.559466278435
351293,7663.555377639333
351294,38320.74375791596
351295,615629.598293885
351296,175537.5681419667
351297,298740.06512599956
351298,734270.3755903086
351299,3169.790721719532
351300,1636.7236002744912
351301,2033.8105726396698
351302,1313.4609902984685
351303,11358.475774801003
351304,7323.135341101282
351305,21187.87741127219
351306,19475.905586744146
351307,1005.2360123207288
351308,6510.771523578402
351309,244501.67943111528
351310,84177.56946808043
351311,14981.5543812635
351312,11560.044766520758
351313,17502.817055539857
351314,436826.3709874527
351315,46698.72457851136
351316,58027.07002265008
351317,183264.0283223553
351318,0.0
351319,33012.78945736122
351320,80680.22487917978
351321,11290.242002692892
351322,386822.84179326444
351323,185719.4310614213
351324,620131.0881969769
351325,581249.825091082
351326,4330.681363368144
351327,168403.45095997563
351328,102480.40675982066
351329,1232.7759485467573
351330,4716.995425824149
351331,9007.631300596258
351332,156451.21481012966
351333,4169.440165396935
351334,112112.33966908391
351335,80072.72775363192
351336,831214.8742354682
351337,120710.37040200608
351338,42869.10002152716
351339,26436.55760768845
351340,11325.228360801988
351341,3058.009503626692
351342,56710.41983113815
351343,42534.09048475434
351344,1116.3192081798861
351345,22902.481019585866
351346,21884.244046966618
351347,14410.509989413891
351348,30353.419728206845
351349,111430.13759004738
351350,327750.7566022696
351351,2070245.0876618044
351352,119102.54007244883
351353,87740.77353830857
351354,33103.359312252775
351355,93214.18234861479
351356,47981.362927909795
351357,1652.8657627239104
351358,1764.8040808782853
351359,3575134.2780033574
351360,544186.1876952596
351361,2563.0115343826656
351362,1573809.5664879228
351363,32784.75325209483
351364,54684.44699844538
351365,41791.641672485166
351366,307.2437740187643
351367,45768.934163018406
351368,3332.9212867266788
351369,3415.6260984342052
351370,32752.473641187928
351371,58782.54153599771
351372,25148.39834394673
351373,169838.19303677138
351374,58221.6736063105
351375,8621.572049700808
351376,241981.57021358356
351377,25891.82757186022
351378,284615.5804488561
351379,173527.0896477736
351380,155208.96111965546
351381,52070.99589310167
351382,2245.219352909189
351383,17225.92682899267
351384,14058.673999740913
351385,0.0
351386,12089.888268249506
351387,66153.59254927444
351388,105375.38616246646
351389,111290.7829111284
351390,141410.92758662652
351391,39751.89873711401
351392,1302.681395454938
351393,107.06934031519631
351394,4209.972430427311
351395,8503.166497189683
351396,96579.26291098475
351397,125031.64766534767
351398,173364.2631827909
351399,11382.793779265858
351400,274.81205835762444
351401,3856.7156901788767
351402,7780.90251225495
351403,9731.570972260522
351404,10026.19656263188
351405,3320.4921653479187
351406,6085.118881449836
351407,17892.826815669618
351408,758.8808723778311
351409,1192.7672017755076
351410,70359.4888866464
351411,228451.82024994027
351412,37369.27037491374
351413,1062655.2312556626
351414,347994.67442433006
351415,24851.5840265753
351416,230724.34980190353
351417,0.0
351418,131542.8760352534
351419,5136111.425092742
351420,10758.667245142162
351421,1140374.9426020007
351422,1543973.5176524222
351423,900121.0612450461
351424,3356028.067378356
351425,157684.39158810885
351426,125893.78017860086
351427,17899.74703843831
351428,59556.60990919676
351429,8104.722187395277
351430,17758.71108036433
351431,140112.72552994185
351432,18411.813229077132
351433,29572.339089161193
351434,832999.1198645962
351435,166226.99977998793
351436,638409.0821095575
351437,289232.4488502228
351438,123636.75445629147
351439,75571.48311273134
351440,21.541119766607153
351441,26022.427575375536
351442,309908.30526807613
351443,815146.2322075104
351444,422930.61700516666
351445,23681.194223878756
351446,25453.31636846038
351447,201379.0400819764
351448,30126.046450486116
351449,276262.93385763606
351450,4989.673216299354
351451,94812.4409937679
351452,16709.228097389107
351453,0.0
351454,1627.0182535338408
351455,234110.1382705504
351456,1405642.02857801
351457,161867.33438552174
351458,3470.0966698263683
351459,0.0
351460,741.9994032237894
351461,4984.275209789783
351462,301650.83415784885
351463,209684.80725375033
351464,420204.58292243787
351465,556157.8490353656
351466,16483.313820936302
351467,14083.220288836696
351468,40347.80089386791
351469,1456.0291068695615
351470,7494.852875261953
351471,143717.8514554551
351472,64352.766223098064
351473,1286960.0667870634
351474,64042.07066209588
351475,440214.7095701308
351476,929.5425641592491
351477,11043.243577122566
351478,11060.275086067564
351479,105558.32030424416
351480,21011.430575245802
351481,2291.1692072767764
351482,5304.929777681948
351483,4315.972865630135
351484,908.735081341385
351485,4986.8349617103295
351486,9533.68660092356
351487,908000.6992477869
351488,493915.0978039586
351489,24999.723996215656
351490,26395.45064239262
351491,9613.770159714979
351492,29012.067043431573
351493,12677.094355806092
351494,32311.485568502987
351495,31823.720655145728
351496,73089.83538790209
351497,241607.78145308845
351498,106052.70537910977
351499,28895.463308583505
351500,490986.6163194331
351501,28836.921670350537
351502,38650.921143381005
351503,634.6336419351094
351504,2130.334093739999
351505,25241.122871967757
351506,705.2590559944061
351507,155.33104550564195
351508,128636.32930521239
351509,717495.4045444003
351510,294670.2965816044
351511,675315.4144758077
351512,31211.559466278435
351513,7663.555377639333
351514,38320.74375791596
351515,615629.598293885
351516,175537.5681419667
351517,298740.06512599956
351518,734270.3755903086
351519,3169.790721719532
351520,1636.7236002744912
351521,2033.8105726396698
351522,1313.4609902984685
351523,11358.475774801003
351524,7323.135341101282
351525,21187.87741127219
351526,19475.905586744146
351527,1005.2360123207288
351528,6510.771523578402
