Num,y
348622,1480.9635912252597
348623,27241.65528074006
348624,299651.71532984945
348625,28998.745490866488
348626,0.0
348627,147205.77164458003
348628,68446.12613872995
348629,111795.30219698476
348630,102204.00987274796
348631,2979.6606240779547
348632,1449.592357619551
348633,55034.74058290694
348634,288074.80285185657
348635,21219.961740880775
348636,1886.4832902538021
348637,179550.93381217148
348638,121843.24116723283
348639,500953.99065321696
348640,501539.17402392975
348641,2308.7799767976644
348642,114477.51492055968
348643,84652.08585703882
348644,1243.1201802070486
348645,24427.446054788816
348646,10698.788820726266
348647,151867.93255781799
348648,7615.004829648244
348649,19079.765778999354
348650,6348.37179900712
348651,23656.61888982229
348652,16706.7602722518
348653,281192.73719555367
348654,8296.08044135624
348655,23296.65662183794
348656,10516.352559258203
348657,2606.477221753499
348658,44575.16488026447
348659,2027.7557237530336
348660,186.50162996791778
348661,16403.47774362587
348662,7335.384950876886
348663,17891.782117921262
348664,1245610.7772219274
348665,79171.98003841563
348666,342342.0923047315
348667,917090.6454031123
348668,100456.74588471506
348669,27419.039214619595
348670,25609.08970532058
348671,0.0
348672,47450.46961570384
348673,76.26680254075404
348674,229.2742318334491
348675,2763493.9553806614
348676,384883.3962179303
348677,5969.7681743298745
348678,46811.087922011015
348679,344880.6026539365
348680,15083.761820065589
348681,754.0250121326362
348682,38262.423271885295
348683,2090.4753613667062
348684,1650.202696146866
348685,20988.810320416495
348686,191496.51302771474
348687,6427.791789012077
348688,150794.92909819327
348689,42199.12739131925
348690,7469.310754190201
348691,196039.18588712355
348692,14335.564805749375
348693,188434.11593082675
348694,136432.579337943
348695,119639.01512747243
348696,132849.28556131234
348697,97169.3778812407
348698,1233.409096906049
348699,15659.825294769842
348700,11803.25565624843
348701,87236.6518161664
348702,9280.629093253609
348703,57305.99551964404
348704,71704.12872293728
348705,151047.1711326733
348706,117925.47073798973
348707,28087.003398361976
348708,8359.810595394234
348709,61439.04766719001
348710,93581.41967116915
348711,37584.990640687174
348712,5618.936194715755
348713,94533.10877836884
348714,101972.07412636459
348715,186380.70305993618
348716,10543.16725556536
348717,206.14328883382336
348718,4057.3372866751088
348719,6706.576074254564
348720,13910.743277784255
348721,106490.24342037394
348722,3140.947116399773
348723,449.7152201598798
348724,19286.69734424395
348725,6457.371258139472
348726,4662.182755618325
348727,80130.46157861238
348728,305715.8691873632
348729,33397.326805332275
348730,1272052.1871635702
348731,336910.06248719076
348732,33630.01678667975
348733,163365.33564834704
348734,878.9302945165614
348735,2499412.134258708
348736,41243.234394854546
348737,21481.464364419895
348738,704320.3512470442
348739,563815.9141443442
348740,600280.8356778747
348741,1049421.2316568762
348742,113455.72278669762
348743,115499.04577957379
348744,2296.481944106163
348745,6162.000313241488
348746,0.0
348747,13809.848551673014
348748,93828.19572546572
348749,4978.40599927582
348750,28829.466564230537
348751,431882.99245448085
348752,105382.00001368258
348753,568837.7542997977
348754,265567.231661723
348755,93329.69401730492
348756,63018.45732840899
348757,567.2061579708961
348758,14342.665176835297
348759,261287.73185060744
348760,716794.6431097079
348761,316782.7401069305
348762,14853.171521580516
348763,25667.421100821746
348764,131.11362922379868
348765,8425.596208499966
348766,131524.16182281205
348767,1278.9867212688882
348768,138.86524396186354
348769,76267.93304921515
348770,11918.18516145886
348771,3838.469012601212
348772,1304.744917598247
348773,165860.12076229524
348774,874628.0470923737
348775,4193.374261236922
348776,29133.829367820006
348777,186.87173461688172
348778,15275.714341615872
348779,92370.33577407856
348780,182800.3012024032
348781,122087.84511839674
348782,284492.7691935192
348783,395906.0703137497
348784,13606.573531932934
348785,6592.059774433021
348786,20236.93594589491
348787,1969.4066802158104
348788,3845.0506690615066
348789,65844.12099438556
348790,13482.081385582522
348791,658285.4481318841
348792,459925.6737301672
348793,210.73009526726287
348794,267.73416841267374
348795,28.019265900219864
348796,1045.915330748103
348797,998.7313552693453
348798,89026.17045896756
348799,11013.081927993717
348800,1199.7706234629675
348801,4002.804116191924
348802,1659.739479526499
348803,515.2339215109628
348804,1581.9223065953256
348805,2399.7126484692903
348806,822656.2545007922
348807,28063.57410874367
348808,1205911.699330255
348809,357800.00740514015
348810,27764.149215885525
348811,12840.776846345168
348812,1695.8253363024178
348813,24176.10378953417
348814,48479.218829977006
348815,85751.94096484705
348816,206570.76536455035
348817,78617.41986541334
348818,374.2712232325557
348819,302137.00964878395
348820,14762.812780312572
348821,228.14623747606947
348822,0.0
348823,19068.423501694233
348824,0.0
348825,0.0
348826,445.48386163322846
348827,50.0449764796564
348828,119090.21395753726
348829,742058.294596794
348830,282791.28898554965
348831,585743.5470686208
348832,26277.9607427253
348833,1231.0005189278636
348834,30978.11529551353
348835,132708.48777842402
348836,519804.88986484567
348837,69.90743532482804
348838,212.0851989601947
348839,200.9958438281334
348840,5269.350524093982
348841,51145.54418421201
348842,17548.151240455663
348843,304.2463408013016
348844,6282.689234488353
348845,187317.87845793978
348846,494563.7711037304
348847,19607.35258518147
349519,1480.9635912252597
349520,27241.65528074006
349521,299651.71532984945
349522,28998.745490866488
349523,0.0
349524,147205.77164458003
349525,68446.12613872995
349526,111795.30219698476
349527,102204.00987274796
349528,2979.6606240779547
349529,1449.592357619551
349530,55034.74058290694
349531,288074.80285185657
349532,21219.961740880775
349533,1886.4832902538021
349534,179550.93381217148
349535,121843.24116723283
349536,500953.99065321696
349537,501539.17402392975
349538,2308.7799767976644
349539,114477.51492055968
349540,84652.08585703882
349541,1243.1201802070486
349542,24427.446054788816
349543,10698.788820726266
349544,151867.93255781799
349545,7615.004829648244
349546,19079.765778999354
349547,6348.37179900712
349548,23656.61888982229
349549,16706.7602722518
349550,281192.73719555367
349551,8296.08044135624
349552,23296.65662183794
349553,10516.352559258203
349554,2606.477221753499
349555,44575.16488026447
349556,2027.7557237530336
349557,186.50162996791778
349558,16403.47774362587
349559,7335.384950876886
349560,17891.782117921262
349561,1245610.7772219274
349562,79171.98003841563
349563,342342.0923047315
349564,917090.6454031123
349565,100456.74588471506
349566,27419.039214619595
349567,25609.08970532058
349568,0.0
349569,47450.46961570384
349570,76.26680254075404
349571,229.2742318334491
349572,2763493.9553806614
349573,384883.3962179303
349574,5969.7681743298745
349575,46811.087922011015
349576,344880.6026539365
349577,15083.761820065589
349578,754.0250121326362
349579,38262.423271885295
349580,2090.4753613667062
349581,1650.202696146866
349582,20988.810320416495
349583,191496.51302771474
349584,6427.791789012077
349585,150794.92909819327
349586,42199.12739131925
349587,7469.310754190201
349588,196039.18588712355
349589,14335.564805749375
349590,188434.11593082675
349591,136432.579337943
349592,119639.01512747243
349593,132849.28556131234
349594,97169.3778812407
349595,1233.409096906049
349596,15659.825294769842
349597,11803.25565624843
349598,87236.6518161664
349599,9280.629093253609
349600,57305.99551964404
349601,71704.12872293728
349602,151047.1711326733
349603,117925.47073798973
349604,28087.003398361976
349605,8359.810595394234
349606,61439.04766719001
349607,93581.41967116915
349608,37584.990640687174
349609,5618.936194715755
349610,94533.10877836884
349611,101972.07412636459
349612,186380.70305993618
349613,10543.16725556536
349614,206.14328883382336
349615,4057.3372866751088
349616,6706.576074254564
349617,13910.743277784255
349618,106490.24342037394
349619,3140.947116399773
349620,449.7152201598798
349621,19286.69734424395
349622,6457.371258139472
349623,4662.182755618325
349624,80130.46157861238
349625,305715.8691873632
349626,33397.326805332275
349627,1272052.1871635702
349628,336910.06248719076
349629,33630.01678667975
349630,163365.33564834704
349631,878.9302945165614
349632,2499412.134258708
349633,41243.234394854546
349634,21481.464364419895
349635,704320.3512470442
349636,563815.9141443442
349637,600280.8356778747
349638,1049421.2316568762
349639,113455.72278669762
349640,115499.04577957379
349641,2296.481944106163
349642,6162.000313241488
349643,0.0
349644,13809.848551673014
349645,93828.19572546572
349646,4978.40599927582
349647,28829.466564230537
349648,431882.99245448085
349649,105382.00001368258
349650,568837.7542997977
349651,265567.231661723
349652,93329.69401730492
349653,63018.45732840899
349654,567.2061579708961
349655,14342.665176835297
349656,261287.73185060744
349657,716794.6431097079
349658,316782.7401069305
349659,14853.171521580516
349660,25667.421100821746
349661,131.11362922379868
349662,8425.596208499966
349663,131524.16182281205
349664,1278.9867212688882
349665,138.86524396186354
349666,76267.93304921515
349667,11918.18516145886
349668,3838.469012601212
349669,1304.744917598247
349670,165860.12076229524
349671,874628.0470923737
349672,4193.374261236922
349673,29133.829367820006
349674,186.87173461688172
349675,15275.714341615872
349676,92370.33577407856
349677,182800.3012024032
349678,122087.84511839674
349679,284492.7691935192
349680,395906.0703137497
349681,13606.573531932934
349682,6592.059774433021
349683,20236.93594589491
349684,1969.4066802158104
349685,3845.0506690615066
349686,65844.12099438556
349687,13482.081385582522
349688,658285.4481318841
349689,459925.6737301672
349690,210.73009526726287
349691,267.73416841267374
349692,28.019265900219864
349693,1045.915330748103
349694,998.7313552693453
349695,89026.17045896756
349696,11013.081927993717
349697,1199.7706234629675
349698,4002.804116191924
349699,1659.739479526499
349700,515.2339215109628
349701,1581.9223065953256
349702,2399.7126484692903
349703,822656.2545007922
349704,28063.57410874367
349705,1205911.699330255
349706,357800.00740514015
349707,27764.149215885525
349708,12840.776846345168
349709,1695.8253363024178
349710,24176.10378953417
349711,48479.218829977006
349712,85751.94096484705
349713,206570.76536455035
349714,78617.41986541334
349715,374.2712232325557
349716,302137.00964878395
349717,14762.812780312572
349718,228.14623747606947
349719,0.0
349720,19068.423501694233
349721,0.0
349722,0.0
349723,445.48386163322846
349724,50.0449764796564
349725,119090.21395753726
349726,742058.294596794
349727,282791.28898554965
349728,585743.5470686208
349729,26277.9607427253
349730,1231.0005189278636
349731,30978.11529551353
349732,132708.48777842402
349733,519804.88986484567
349734,69.90743532482804
349735,212.0851989601947
349736,200.9958438281334
349737,5269.350524093982
349738,51145.54418421201
349739,17548.151240455663
349740,304.2463408013016
349741,6282.689234488353
349742,187317.87845793978
349743,494563.7711037304
349744,19607.35258518147
349745,34041.15957867149
349746,401613.63971663197
349747,36904.89254429934
349748,192.69934255607677
349749,174844.96278883307
349750,85074.89844149635
349751,222209.230412833
349752,228518.98469414108
349753,2542.8694741063227
349754,1818.73496332393
349755,62035.09146079418
349756,364166.36473086494
349757,26402.991462612583
349758,1434109.380879195
349759,1772.1947567305679
349760,1879.3713386086781
349761,244313.04224315376
349762,138458.760930532
349763,584721.3483227611
349764,641141.0937542164
349765,2220.799014751819
349766,126426.70287731776
349767,112747.37416569203
349768,1257.2161251261375
349769,44940.69823350991
349770,11927.580366748794
349771,178764.65043441672
349772,12503.50931685474
349773,36646.36915683659
349774,18682.941273216038
349775,25826.24695899037
349776,23083.309838721063
349777,340277.661223426
349778,9006.099708503145
349779,29416.087628116613
349780,14107.079572165117
349781,1966.06011349467
349782,55209.01076047081
349783,876.213359467094
349784,27.345220675863857
349785,15164.39630855943
349786,4861.515928204375
349787,7605.8208161016555
349788,4962.828605086996
349789,94577.88398356055
349790,373952.3167392878
349791,1328952.432676618
349792,98244.11270312559
349793,44420.85681771757
349794,28488.738378285598
349795,0.0
349796,62063.75073853007
349797,158.62237392240746
349798,127.44072613992194
349799,3630050.7290480775
349800,479326.8754222042
349801,26403.089110016812
349802,241044.48245778555
349803,447625.5277181913
349804,20196.823624405766
349805,957.0177083716362
349806,44232.91707540319
349807,4607.813989475633
349808,2201.337455796811
349809,22195.41822791127
349810,224238.65155916248
349811,6404.511657865194
349812,190140.8488815067
349813,74104.96079528815
349814,9922.826160758023
349815,216154.98064175303
349816,1656.9185880482569
349817,80330.66129545766
349818,176695.36880301932
349819,161992.2119545826
349820,183576.26653032895
349821,2276.4765401847653
349822,20266.078400144495
349823,15208.245963197223
349824,146739.95314232647
349825,6578.755018346656
349826,90811.13073135904
349827,192699.9215455557
349828,141927.39722530218
349829,64791.159065060565
349830,18426.711379177174
349831,124182.06572300583
349832,9766.70363542058
349833,66828.32432197852
349834,141597.35716315272
349835,66297.8229909974
349836,5830.125002228217
349837,128262.22001973409
349838,145326.1647436244
349839,216697.3663489926
349840,14592.355105943781
349841,102.47876699794004
349842,4244.990645478819
349843,8818.946771599325
349844,19229.524177059262
349845,49934.6502727942
349846,3491.3883954618905
349847,393.3320050083013
349848,20643.113878295564
349849,7915.8174218859385
349850,5663.7671231485565
349851,103293.98693335612
349852,347220.0347613923
349853,39257.81660580071
349854,1562230.9605396963
349855,446462.9489495843
349856,58754.82070817346
349857,201038.7070993943
349858,3092875.5830697967
349859,101707.50338213421
349860,70112.4912522857
349861,916366.6752304791
349862,677475.0706731016
349863,725788.448201261
349864,1377111.0070399474
349865,161056.90724650878
349866,150240.30300683543
349867,2462.9838206089134
349868,5261.664274274874
349869,4.171859531316841
349870,13307.0143052188
349871,106533.02161409544
349872,3759.250875810929
349873,34129.381898167114
349874,517575.09008407727
349875,152334.37600659364
349876,746557.8728257759
349877,352125.527557876
349878,117441.29984832242
349879,76471.25876408571
349880,929.1676674539312
349881,20956.00865556376
349882,315090.15971122624
349883,770752.2602724122
349884,335693.2256296939
349885,21689.87440794739
349886,37672.12202386218
349887,137.43829285335295
349888,23229.920383414305
349889,3531.121227364515
349890,104063.19204355776
349891,162518.57711739515
349892,14800.022171022763
349893,3539.039909156598
349894,823.6308971104553
349895,189941.47295991992
349896,1031342.7424429056
349897,105523.4551282867
349898,3677.798269662537
349899,30290.388260829426
349900,100.00817273549035
349901,0.0
349902,116693.53065973129
349903,211227.13070492327
349904,146302.5796869871
349905,343334.1558308415
349906,447806.1253465759
349907,15189.81651925081
349908,10932.153533815366
349909,18828.554263685968
349910,1667.1080619171416
349911,1801.941369568298
349912,85248.71903783322
349913,22768.455505292215
349914,774355.4485034412
349915,3480.5023913081063
349916,375.2867278934416
349917,298.2586347912252
349918,6.365874447998124
349919,8.521747862716836
349920,1894.363757091244
349921,1411.5139376403101
349922,102085.8470330004
349923,11851.866526114174
349924,1236.1961869891302
349925,4818.003846253011
349926,1488.565978012212
349927,1825.0097408547647
349928,2692.071159665599
349929,31106.91442237963
349930,1028830.907814913
349931,567927.4444772998
349932,1890733.2050905812
349933,703906.1808468403
349934,34162.54505288058
349935,26020.827348251973
349936,1058.5897737933537
349937,43879.61884872833
349938,93114.49643030037
349939,157640.27340497874
349940,267912.88154001365
349941,87907.60106398338
349942,378616.0972127817
349943,378.1119779600523
349944,23318.313840949737
349945,22091.151471480793
349946,0.0
349947,0.0
349948,609.8606366901693
349949,128.07849806993613
349950,143412.46568298718
349951,907557.7276545336
349952,399727.94460025686
349953,767597.3488697472
349954,31893.954002994597
349955,1017.1009434255702
349956,37295.56327783545
349957,157444.71598443115
349958,174.5960753046288
349959,59.57049431047017
349960,147.40620902400372
349961,253.66812256537594
349962,8306.408042378276
349963,75831.12096714452
349964,25144.131390153998
349965,694338.4487076984
349966,642653.2368298739
349967,261083.81908706244
349968,32031.1183036066
349969,316.0311917058074
349970,7202.617668788839
350191,1480.9635912252597
350192,27241.65528074006
350193,299651.71532984945
350194,28998.745490866488
350195,0.0
350196,147205.77164458003
350197,68446.12613872995
350198,111795.30219698476
350199,102204.00987274796
350200,2979.6606240779547
350201,1449.592357619551
350202,55034.74058290694
350203,288074.80285185657
350204,21219.961740880775
350205,1886.4832902538021
350206,179550.93381217148
350207,121843.24116723283
350208,500953.99065321696
350209,501539.17402392975
350210,2308.7799767976644
350211,114477.51492055968
350212,84652.08585703882
350213,1243.1201802070486
350214,24427.446054788816
350215,10698.788820726266
350216,151867.93255781799
350217,7615.004829648244
350218,19079.765778999354
350219,6348.37179900712
350220,23656.61888982229
350221,16706.7602722518
350222,281192.73719555367
350223,8296.08044135624
350224,23296.65662183794
350225,10516.352559258203
350226,2606.477221753499
350227,44575.16488026447
350228,2027.7557237530336
350229,186.50162996791778
350230,16403.47774362587
350231,7335.384950876886
350232,17891.782117921262
350233,1245610.7772219274
350234,79171.98003841563
350235,342342.0923047315
350236,917090.6454031123
350237,100456.74588471506
350238,27419.039214619595
350239,25609.08970532058
350240,0.0
350241,47450.46961570384
350242,76.26680254075404
350243,229.2742318334491
350244,2763493.9553806614
350245,384883.3962179303
350246,5969.7681743298745
350247,46811.087922011015
350248,344880.6026539365
350249,15083.761820065589
350250,754.0250121326362
350251,38262.423271885295
350252,2090.4753613667062
350253,1650.202696146866
350254,20988.810320416495
350255,191496.51302771474
350256,6427.791789012077
350257,150794.92909819327
350258,42199.12739131925
350259,7469.310754190201
350260,196039.18588712355
350261,14335.564805749375
350262,188434.11593082675
350263,136432.579337943
350264,119639.01512747243
350265,132849.28556131234
350266,97169.3778812407
350267,1233.409096906049
350268,15659.825294769842
350269,11803.25565624843
350270,87236.6518161664
350271,9280.629093253609
350272,57305.99551964404
350273,71704.12872293728
350274,151047.1711326733
350275,117925.47073798973
350276,28087.003398361976
350277,8359.810595394234
350278,61439.04766719001
350279,93581.41967116915
350280,37584.990640687174
350281,5618.936194715755
350282,94533.10877836884
350283,101972.07412636459
350284,186380.70305993618
350285,10543.16725556536
350286,206.14328883382336
350287,4057.3372866751088
350288,6706.576074254564
350289,13910.743277784255
350290,106490.24342037394
350291,3140.947116399773
350292,449.7152201598798
350293,19286.69734424395
350294,6457.371258139472
350295,4662.182755618325
350296,80130.46157861238
350297,305715.8691873632
350298,33397.326805332275
350299,1272052.1871635702
350300,336910.06248719076
350301,33630.01678667975
350302,163365.33564834704
350303,878.9302945165614
350304,2499412.134258708
350305,41243.234394854546
350306,21481.464364419895
350307,704320.3512470442
350308,563815.9141443442
350309,600280.8356778747
350310,1049421.2316568762
350311,113455.72278669762
350312,115499.04577957379
350313,2296.481944106163
350314,6162.000313241488
350315,0.0
350316,13809.848551673014
350317,93828.19572546572
350318,4978.40599927582
350319,28829.466564230537
350320,431882.99245448085
350321,105382.00001368258
350322,568837.7542997977
350323,265567.231661723
350324,93329.69401730492
350325,63018.45732840899
350326,567.2061579708961
350327,14342.665176835297
350328,261287.73185060744
350329,716794.6431097079
350330,316782.7401069305
350331,14853.171521580516
350332,25667.421100821746
350333,131.11362922379868
350334,8425.596208499966
350335,131524.16182281205
350336,1278.9867212688882
350337,138.86524396186354
350338,76267.93304921515
350339,11918.18516145886
350340,3838.469012601212
350341,1304.744917598247
350342,165860.12076229524
350343,874628.0470923737
350344,4193.374261236922
350345,29133.829367820006
350346,186.87173461688172
350347,15275.714341615872
350348,92370.33577407856
350349,182800.3012024032
350350,122087.84511839674
350351,284492.7691935192
350352,395906.0703137497
350353,13606.573531932934
350354,6592.059774433021
350355,20236.93594589491
350356,1969.4066802158104
350357,3845.0506690615066
350358,65844.12099438556
350359,13482.081385582522
350360,658285.4481318841
350361,459925.6737301672
350362,210.73009526726287
350363,267.73416841267374
350364,28.019265900219864
350365,1045.915330748103
350366,998.7313552693453
350367,89026.17045896756
350368,11013.081927993717
350369,1199.7706234629675
350370,4002.804116191924
350371,1659.739479526499
350372,515.2339215109628
350373,1581.9223065953256
350374,2399.7126484692903
350375,822656.2545007922
350376,28063.57410874367
350377,1205911.699330255
350378,357800.00740514015
350379,27764.149215885525
350380,12840.776846345168
350381,1695.8253363024178
350382,24176.10378953417
350383,48479.218829977006
350384,85751.94096484705
350385,206570.76536455035
350386,78617.41986541334
350387,374.2712232325557
350388,302137.00964878395
350389,14762.812780312572
350390,228.14623747606947
350391,0.0
350392,19068.423501694233
350393,0.0
350394,0.0
350395,445.48386163322846
350396,50.0449764796564
350397,119090.21395753726
350398,742058.294596794
350399,282791.28898554965
350400,585743.5470686208
350401,26277.9607427253
350402,1231.0005189278636
350403,30978.11529551353
350404,132708.48777842402
350405,519804.88986484567
350406,69.90743532482804
350407,212.0851989601947
350408,200.9958438281334
350409,5269.350524093982
350410,51145.54418421201
350411,17548.151240455663
350412,304.2463408013016
350413,6282.689234488353
350414,187317.87845793978
350415,494563.7711037304
350416,19607.35258518147
350417,34041.15957867149
350418,401613.63971663197
350419,36904.89254429934
350420,192.69934255607677
350421,174844.96278883307
350422,85074.89844149635
350423,222209.230412833
350424,228518.98469414108
350425,2542.8694741063227
350426,1818.73496332393
350427,62035.09146079418
350428,364166.36473086494
350429,26402.991462612583
350430,1434109.380879195
350431,1772.1947567305679
350432,1879.3713386086781
350433,244313.04224315376
350434,138458.760930532
350435,584721.3483227611
350436,641141.0937542164
350437,2220.799014751819
350438,126426.70287731776
350439,112747.37416569203
350440,1257.2161251261375
350441,44940.69823350991
350442,11927.580366748794
350443,178764.65043441672
350444,12503.50931685474
350445,36646.36915683659
350446,18682.941273216038
350447,25826.24695899037
350448,23083.309838721063
350449,340277.661223426
350450,9006.099708503145
350451,29416.087628116613
350452,14107.079572165117
350453,1966.06011349467
350454,55209.01076047081
350455,876.213359467094
350456,27.345220675863857
350457,15164.39630855943
350458,4861.515928204375
350459,7605.8208161016555
350460,4962.828605086996
350461,94577.88398356055
350462,373952.3167392878
350463,1328952.432676618
350464,98244.11270312559
350465,44420.85681771757
350466,28488.738378285598
350467,0.0
350468,62063.75073853007
350469,158.62237392240746
350470,127.44072613992194
350471,3630050.7290480775
350472,479326.8754222042
350473,26403.089110016812
350474,241044.48245778555
350475,447625.5277181913
350476,20196.823624405766
350477,957.0177083716362
350478,44232.91707540319
350479,4607.813989475633
350480,2201.337455796811
350481,22195.41822791127
350482,224238.65155916248
350483,6404.511657865194
350484,190140.8488815067
350485,74104.96079528815
350486,9922.826160758023
350487,216154.98064175303
350488,1656.9185880482569
350489,80330.66129545766
350490,176695.36880301932
350491,161992.2119545826
350492,183576.26653032895
350493,2276.4765401847653
350494,20266.078400144495
350495,15208.245963197223
350496,146739.95314232647
350497,6578.755018346656
350498,90811.13073135904
350499,192699.9215455557
350500,141927.39722530218
350501,64791.159065060565
350502,18426.711379177174
350503,124182.06572300583
350504,9766.70363542058
350505,66828.32432197852
350506,141597.35716315272
350507,66297.8229909974
350508,5830.125002228217
350509,128262.22001973409
350510,145326.1647436244
350511,216697.3663489926
350512,14592.355105943781
350513,102.47876699794004
350514,4244.990645478819
350515,8818.946771599325
350516,19229.524177059262
350517,49934.6502727942
350518,3491.3883954618905
350519,393.3320050083013
350520,20643.113878295564
350521,7915.8174218859385
350522,5663.7671231485565
350523,103293.98693335612
350524,347220.0347613923
350525,39257.81660580071
350526,1562230.9605396963
350527,446462.9489495843
350528,58754.82070817346
350529,201038.7070993943
350530,3092875.5830697967
350531,101707.50338213421
350532,70112.4912522857
350533,916366.6752304791
350534,677475.0706731016
350535,725788.448201261
350536,1377111.0070399474
350537,161056.90724650878
350538,150240.30300683543
350539,2462.9838206089134
350540,5261.664274274874
350541,4.171859531316841
350542,13307.0143052188
350543,106533.02161409544
350544,3759.250875810929
350545,34129.381898167114
350546,517575.09008407727
350547,152334.37600659364
350548,746557.8728257759
350549,352125.527557876
350550,117441.29984832242
350551,76471.25876408571
350552,929.1676674539312
350553,20956.00865556376
350554,315090.15971122624
350555,770752.2602724122
350556,335693.2256296939
350557,21689.87440794739
350558,37672.12202386218
350559,137.43829285335295
350560,23229.920383414305
350561,3531.121227364515
350562,104063.19204355776
350563,162518.57711739515
350564,14800.022171022763
350565,3539.039909156598
350566,823.6308971104553
350567,189941.47295991992
350568,1031342.7424429056
350569,105523.4551282867
350570,3677.798269662537
350571,30290.388260829426
350572,100.00817273549035
350573,0.0
350574,116693.53065973129
350575,211227.13070492327
350576,146302.5796869871
350577,343334.1558308415
350578,447806.1253465759
350579,15189.81651925081
350580,10932.153533815366
350581,18828.554263685968
350582,1667.1080619171416
350583,1801.941369568298
350584,85248.71903783322
350585,22768.455505292215
350586,774355.4485034412
350587,3480.5023913081063
350588,375.2867278934416
350589,298.2586347912252
350590,6.365874447998124
350591,8.521747862716836
350592,1894.363757091244
350593,1411.5139376403101
350594,102085.8470330004
350595,11851.866526114174
350596,1236.1961869891302
350597,4818.003846253011
350598,1488.565978012212
350599,1825.0097408547647
350600,2692.071159665599
350601,31106.91442237963
350602,1028830.907814913
350603,567927.4444772998
350604,1890733.2050905812
350605,703906.1808468403
350606,34162.54505288058
350607,26020.827348251973
350608,1058.5897737933537
350609,43879.61884872833
350610,93114.49643030037
350611,157640.27340497874
350612,267912.88154001365
350613,87907.60106398338
350614,378616.0972127817
350615,378.1119779600523
350616,23318.313840949737
350617,22091.151471480793
350618,0.0
350619,0.0
350620,609.8606366901693
350621,128.07849806993613
350622,143412.46568298718
350623,907557.7276545336
350624,399727.94460025686
350625,767597.3488697472
350626,31893.954002994597
350627,1017.1009434255702
350628,37295.56327783545
350629,157444.71598443115
350630,174.5960753046288
350631,59.57049431047017
350632,147.40620902400372
350633,253.66812256537594
350634,8306.408042378276
350635,75831.12096714452
350636,25144.131390153998
350637,694338.4487076984
350638,642653.2368298739
350639,261083.81908706244
350640,32031.1183036066
350641,316.0311917058074
350642,7202.617668788839
350643,183528.33100954618
350644,53785.362327949006
350645,1889.9830736619795
350646,1466.8200359875245
350647,27254.344433400292
350648,299170.72708183166
350649,29139.24300770075
350650,146277.24850449234
350651,66933.12739332166
350652,113880.96992250787
350653,103728.99875503997
350654,3284.757193092286
350655,1713.8010513921254
350656,114900.21253106082
350657,124493.20372955647
350658,507469.7087799838
350659,508781.6830855259
350660,2333.4403327493546
350661,115446.14377868545
350662,85137.54651884412
350663,1225.2581277352817
350664,24687.116613211347
350665,10964.809689522308
350666,154532.79126291972
350667,7679.454325546503
350668,21063.4656172378
350669,61790.906374788006
350670,342537.088655276
350671,275525.4141147077
350672,6775.1972598309185
350673,21226.79035513152
350674,10208.935842142404
350675,2143.637887956089
350676,45124.20273716467
350677,1066.2552291268385
350678,101.38179130314256
350679,16411.66142869842
350680,6880.914702588876
350681,17582.317275505397
350682,5225.2905631707545
350683,79958.44176659676
350684,271300.02288983634
350685,870535.8063821425
350686,94236.18077223311
350687,26281.11631433916
350688,26136.357082815844
350689,0.0
350690,48112.92190306944
350691,90.61080607097165
350692,249.09792200465063
350693,2790102.295244911
350694,390692.5749675696
350695,5988.57312251224
350696,1131369.8207760663
350697,21161.32177316693
350698,47173.18859433467
350699,14043.473225170994
350700,809.5646503780803
350701,38719.95705369559
350702,2103.0754432457215
350703,1661.1096669393758
350704,21804.58885566092
350705,202347.9342421398
350706,5261.335783167491
350707,158160.9490929571
350708,45115.28249640018
350709,6322.3359647311045
350710,197455.1490025276
350711,14356.85704140484
350712,339358.94244306657
350713,136416.65490495836
350714,116306.6179684248
350715,136445.61700642764
350716,1184.7850914473877
350717,15323.886322246912
350718,11715.839802432347
350719,84913.77941236069
350720,8836.243624209195
350721,58861.24167017317
350722,72363.78651567108
350723,146599.67041965455
350724,116099.6351345878
350725,23323.54759648274
350726,485.01582305490643
350727,94473.22229165095
350728,37650.21178126269
350729,5414.968427102279
350730,95272.86107085928
350731,103045.44142200833
350732,187852.27424309676
350733,10579.094992603701
350734,196.77452596644352
350735,4140.240538123227
350736,7148.947756606121
350737,13681.52267066334
350738,28125.567881875475
350739,3033.9542989358642
350740,8476.90662527002
350741,20559.21649380156
350742,9741.292240459921
350743,7900.598208671292
350744,89517.54837854614
350745,304872.0282092438
350746,41572.37646228199
350747,1286771.9910464566
350748,340489.0502995327
350749,33242.552507057466
350750,165176.10097612202
350751,895.3706416174693
350752,191633.39271338301
350753,2447916.6702054814
350754,19566.992505824557
350755,697624.4308730696
350756,538090.9343720686
350757,585242.9841106726
350758,998450.3930144934
350759,109149.06194327658
350760,116135.40826741024
350761,2295.9168979978786
350762,5794.366663015999
350763,46.96534418339843
350764,13772.408908816078
350765,93545.63902340105
350766,5056.780887110415
350767,40279.27615236721
350768,428807.597074074
350769,105911.86833241713
350770,576686.5457337704
350771,270988.9452931825
350772,94877.32178364013
350773,63900.07802741759
350774,522.3826666165596
350775,14450.625386763666
350776,264031.89590122516
350777,727708.1568138609
350778,321589.76655874756
350779,14858.17422098757
350780,25047.628414781815
350781,92199.11423754247
350782,16550.264757002256
350783,132782.28123880562
350784,1258.9062239951127
350785,77569.12514001582
350786,12010.161168239156
350787,4191.971648215565
350788,1351.4721813534566
350789,167705.92812809223
350790,871271.3785007773
350791,95984.13681769192
350792,4331.842581611037
350793,29233.63731064978
350794,119.26878853503581
350795,7868.162295658765
350796,185556.95954301895
350797,124218.97897122586
350798,289808.60970033676
350799,402120.5525099514
350800,13697.712964232656
350801,6846.54387990205
350802,17423.959269338724
350803,1858.5264588162026
350804,2646.2412796754616
350805,65888.19317112307
350806,12740.922450467508
350807,627829.4452017101
350808,27904.10731773708
350809,1212990.1696046013
350810,257.3411642961746
350811,1037.5729631031763
350812,998.3184745411252
350813,79647.39434363197
350814,11208.311659653795
350815,1179.5191623110427
350816,4111.858175796292
350817,1606.1917568254908
350818,429.14904477235746
350819,1649.5955182953876
350820,2404.861423641075
350821,832485.0306205939
350822,465190.2886338212
350823,28066.99449234979
350824,360315.8096582775
350825,26554.245457098223
350826,11654.769658312503
350827,1240.4421435888125
350828,24732.32248717865
350829,49177.519483404816
350830,87416.68369807617
350831,201116.63826762704
350832,78407.04307267626
350833,0.0
350834,306614.1642267713
350835,15098.102050766873
350836,15846.578463572503
350837,44.438850689247374
350838,213.92973955200625
350839,19291.315359971235
350840,439.6939700166706
350841,46.51220263347544
350842,116992.33769701404
350843,711830.7093240859
350844,287481.9240561342
350845,585836.2704304613
350846,25990.415929686515
350847,1267.1746858357355
350848,30666.7693198942
350849,522121.0393937784
350850,134285.25782807503
350851,174059.4027955982
350852,468444.9699117053
350853,265.1889626483853
350854,81.8714345089885
350855,205.24198947755372
350856,207.16718979647032
350857,4445.546792430696
350858,48378.98375424064
350859,19100.597713925446
350860,16964.024312421738
350861,307.81795299319515
350862,6433.451542982283
350863,34041.15957867149
350864,401613.63971663197
350865,36904.89254429934
350866,192.69934255607677
350867,174844.96278883307
350868,85074.89844149635
350869,222209.230412833
350870,228518.98469414108
350871,2542.8694741063227
350872,1818.73496332393
350873,62035.09146079418
350874,364166.36473086494
350875,26402.991462612583
350876,1434109.380879195
350877,1772.1947567305679
350878,1879.3713386086781
350879,244313.04224315376
350880,138458.760930532
350881,584721.3483227611
350882,641141.0937542164
350883,2220.799014751819
350884,126426.70287731776
350885,112747.37416569203
350886,1257.2161251261375
350887,44940.69823350991
350888,11927.580366748794
350889,178764.65043441672
350890,12503.50931685474
350891,36646.36915683659
350892,18682.941273216038
350893,25826.24695899037
350894,23083.309838721063
350895,340277.661223426
350896,9006.099708503145
350897,29416.087628116613
350898,14107.079572165117
350899,1966.06011349467
350900,55209.01076047081
350901,876.213359467094
350902,27.345220675863857
350903,15164.39630855943
350904,4861.515928204375
350905,7605.8208161016555
350906,4962.828605086996
350907,94577.88398356055
350908,373952.3167392878
350909,1328952.432676618
350910,98244.11270312559
350911,44420.85681771757
350912,28488.738378285598
350913,0.0
350914,62063.75073853007
350915,158.62237392240746
350916,127.44072613992194
350917,3630050.7290480775
350918,479326.8754222042
350919,26403.089110016812
350920,241044.48245778555
350921,447625.5277181913
350922,20196.823624405766
350923,957.0177083716362
350924,44232.91707540319
350925,4607.813989475633
350926,2201.337455796811
350927,22195.41822791127
350928,224238.65155916248
350929,6404.511657865194
350930,190140.8488815067
350931,74104.96079528815
350932,9922.826160758023
350933,216154.98064175303
350934,1656.9185880482569
350935,80330.66129545766
350936,176695.36880301932
350937,161992.2119545826
350938,183576.26653032895
350939,2276.4765401847653
350940,20266.078400144495
350941,15208.245963197223
350942,146739.95314232647
350943,6578.755018346656
350944,90811.13073135904
350945,192699.9215455557
350946,141927.39722530218
350947,64791.159065060565
350948,18426.711379177174
350949,124182.06572300583
350950,9766.70363542058
350951,66828.32432197852
350952,141597.35716315272
350953,66297.8229909974
350954,5830.125002228217
350955,128262.22001973409
350956,145326.1647436244
350957,216697.3663489926
350958,14592.355105943781
350959,102.47876699794004
350960,4244.990645478819
350961,8818.946771599325
350962,19229.524177059262
350963,49934.6502727942
350964,3491.3883954618905
350965,393.3320050083013
350966,20643.113878295564
350967,7915.8174218859385
350968,5663.7671231485565
350969,103293.98693335612
350970,347220.0347613923
350971,39257.81660580071
350972,1562230.9605396963
350973,446462.9489495843
350974,58754.82070817346
350975,201038.7070993943
350976,3092875.5830697967
350977,101707.50338213421
350978,70112.4912522857
350979,916366.6752304791
350980,677475.0706731016
350981,725788.448201261
350982,1377111.0070399474
350983,161056.90724650878
350984,150240.30300683543
350985,2462.9838206089134
350986,5261.664274274874
350987,4.171859531316841
350988,13307.0143052188
350989,106533.02161409544
350990,3759.250875810929
350991,34129.381898167114
350992,517575.09008407727
350993,152334.37600659364
350994,746557.8728257759
350995,352125.527557876
350996,117441.29984832242
350997,76471.25876408571
350998,929.1676674539312
350999,20956.00865556376
351000,315090.15971122624
351001,770752.2602724122
351002,335693.2256296939
351003,21689.87440794739
351004,37672.12202386218
351005,137.43829285335295
351006,23229.920383414305
351007,3531.121227364515
351008,104063.19204355776
351009,162518.57711739515
351010,14800.022171022763
351011,3539.039909156598
351012,823.6308971104553
351013,189941.47295991992
351014,1031342.7424429056
351015,105523.4551282867
351016,3677.798269662537
351017,30290.388260829426
351018,100.00817273549035
351019,0.0
351020,116693.53065973129
351021,211227.13070492327
351022,146302.5796869871
351023,343334.1558308415
351024,447806.1253465759
351025,15189.81651925081
351026,10932.153533815366
351027,18828.554263685968
351028,1667.1080619171416
351029,1801.941369568298
351030,85248.71903783322
351031,22768.455505292215
351032,774355.4485034412
351033,3480.5023913081063
351034,375.2867278934416
351035,298.2586347912252
351036,6.365874447998124
351037,8.521747862716836
351038,1894.363757091244
351039,1411.5139376403101
351040,102085.8470330004
351041,11851.866526114174
351042,1236.1961869891302
351043,4818.003846253011
351044,1488.565978012212
351045,1825.0097408547647
351046,2692.071159665599
351047,31106.91442237963
351048,1028830.907814913
351049,567927.4444772998
351050,1890733.2050905812
351051,703906.1808468403
351052,34162.54505288058
351053,26020.827348251973
351054,1058.5897737933537
351055,43879.61884872833
351056,93114.49643030037
351057,157640.27340497874
351058,267912.88154001365
351059,87907.60106398338
351060,378616.0972127817
351061,378.1119779600523
351062,23318.313840949737
351063,22091.151471480793
351064,0.0
351065,0.0
351066,609.8606366901693
351067,128.07849806993613
351068,143412.46568298718
351069,907557.7276545336
351070,399727.94460025686
351071,767597.3488697472
351072,31893.954002994597
351073,1017.1009434255702
351074,37295.56327783545
351075,157444.71598443115
351076,174.5960753046288
351077,59.57049431047017
351078,147.40620902400372
351079,253.66812256537594
351080,8306.408042378276
351081,75831.12096714452
351082,25144.131390153998
351083,694338.4487076984
351084,642653.2368298739
351085,261083.81908706244
351086,32031.1183036066
351087,316.0311917058074
351088,7202.617668788839
351089,183528.33100954618
351090,53785.362327949006
351091,1889.9830736619795
351092,1466.8200359875245
351093,27254.344433400292
351094,299170.72708183166
351095,29139.24300770075
351096,146277.24850449234
351097,66933.12739332166
351098,113880.96992250787
351099,103728.99875503997
351100,3284.757193092286
351101,1713.8010513921254
351102,114900.21253106082
351103,124493.20372955647
351104,507469.7087799838
351105,508781.6830855259
351106,2333.4403327493546
351107,115446.14377868545
351108,85137.54651884412
351109,1225.2581277352817
351110,24687.116613211347
351111,10964.809689522308
351112,154532.79126291972
351113,7679.454325546503
351114,21063.4656172378
351115,61790.906374788006
351116,342537.088655276
351117,275525.4141147077
351118,6775.1972598309185
351119,21226.79035513152
351120,10208.935842142404
351121,2143.637887956089
351122,45124.20273716467
351123,1066.2552291268385
351124,101.38179130314256
351125,16411.66142869842
351126,6880.914702588876
351127,17582.317275505397
351128,5225.2905631707545
351129,79958.44176659676
351130,271300.02288983634
351131,870535.8063821425
351132,94236.18077223311
351133,26281.11631433916
351134,26136.357082815844
351135,0.0
351136,48112.92190306944
351137,90.61080607097165
351138,249.09792200465063
351139,2790102.295244911
351140,390692.5749675696
351141,5988.57312251224
351142,1131369.8207760663
351143,21161.32177316693
351144,47173.18859433467
351145,14043.473225170994
351146,809.5646503780803
351147,38719.95705369559
351148,2103.0754432457215
351149,1661.1096669393758
351150,21804.58885566092
351151,202347.9342421398
351152,5261.335783167491
351153,158160.9490929571
351154,45115.28249640018
351155,6322.3359647311045
351156,197455.1490025276
351157,14356.85704140484
351158,339358.94244306657
351159,136416.65490495836
351160,116306.6179684248
351161,136445.61700642764
351162,1184.7850914473877
351163,15323.886322246912
351164,11715.839802432347
351165,84913.77941236069
351166,8836.243624209195
351167,58861.24167017317
351168,72363.78651567108
351169,146599.67041965455
351170,116099.6351345878
351171,23323.54759648274
351172,485.01582305490643
351173,94473.22229165095
351174,37650.21178126269
351175,5414.968427102279
351176,95272.86107085928
351177,103045.44142200833
351178,187852.27424309676
351179,10579.094992603701
351180,196.77452596644352
351181,4140.240538123227
351182,7148.947756606121
351183,13681.52267066334
351184,28125.567881875475
351185,3033.9542989358642
351186,8476.90662527002
351187,20559.21649380156
351188,9741.292240459921
351189,7900.598208671292
351190,89517.54837854614
351191,304872.0282092438
351192,41572.37646228199
351193,1286771.9910464566
351194,340489.0502995327
351195,33242.552507057466
351196,165176.10097612202
351197,895.3706416174693
351198,191633.39271338301
351199,2447916.6702054814
351200,19566.992505824557
351201,697624.4308730696
351202,538090.9343720686
351203,585242.9841106726
351204,998450.3930144934
351205,109149.06194327658
351206,116135.40826741024
351207,2295.9168979978786
351208,5794.366663015999
351209,46.96534418339843
351210,13772.408908816078
351211,93545.63902340105
351212,5056.780887110415
351213,40279.27615236721
351214,428807.597074074
351215,105911.86833241713
351216,576686.5457337704
351217,270988.9452931825
351218,94877.32178364013
351219,63900.07802741759
351220,522.3826666165596
351221,14450.625386763666
351222,264031.89590122516
351223,727708.1568138609
351224,321589.76655874756
351225,14858.17422098757
351226,25047.628414781815
351227,92199.11423754247
351228,16550.264757002256
351229,132782.28123880562
351230,1258.9062239951127
351231,77569.12514001582
351232,12010.161168239156
351233,4191.971648215565
351234,1351.4721813534566
351235,167705.92812809223
351236,871271.3785007773
351237,95984.13681769192
351238,4331.842581611037
351239,29233.63731064978
351240,119.26878853503581
351241,7868.162295658765
351242,185556.95954301895
351243,124218.97897122586
351244,289808.60970033676
351245,402120.5525099514
351246,13697.712964232656
351247,6846.54387990205
351248,17423.959269338724
351249,1858.5264588162026
351250,2646.2412796754616
351251,65888.19317112307
351252,12740.922450467508
351253,627829.4452017101
351254,27904.10731773708
351255,1212990.1696046013
351256,257.3411642961746
351257,1037.5729631031763
351258,998.3184745411252
351259,79647.39434363197
351260,11208.311659653795
351261,1179.5191623110427
351262,4111.858175796292
351263,1606.1917568254908
351264,429.14904477235746
351265,1649.5955182953876
351266,2404.861423641075
351267,832485.0306205939
351268,465190.2886338212
351269,28066.99449234979
351270,360315.8096582775
351271,26554.245457098223
351272,11654.769658312503
351273,1240.4421435888125
351274,24732.32248717865
351275,49177.519483404816
351276,87416.68369807617
351277,201116.63826762704
351278,78407.04307267626
351279,0.0
351280,306614.1642267713
351281,15098.102050766873
351282,15846.578463572503
351283,44.438850689247374
351284,213.92973955200625
351285,19291.315359971235
351286,439.6939700166706
351287,46.51220263347544
351288,116992.33769701404
351289,711830.7093240859
351290,287481.9240561342
351291,585836.2704304613
351292,25990.415929686515
351293,1267.1746858357355
351294,30666.7693198942
351295,522121.0393937784
351296,134285.25782807503
351297,174059.4027955982
351298,468444.9699117053
351299,265.1889626483853
351300,81.8714345089885
351301,205.24198947755372
351302,207.16718979647032
351303,4445.546792430696
351304,48378.98375424064
351305,19100.597713925446
351306,16964.024312421738
351307,307.81795299319515
351308,6433.451542982283
351309,183528.33100954618
351310,53785.362327949006
351311,1889.9830736619795
351312,1466.8200359875245
351313,27254.344433400292
351314,299170.72708183166
351315,29139.24300770075
351316,146277.24850449234
351317,66933.12739332166
351318,113880.96992250787
351319,103728.99875503997
351320,3284.757193092286
351321,1713.8010513921254
351322,114900.21253106082
351323,124493.20372955647
351324,507469.7087799838
351325,508781.6830855259
351326,2333.4403327493546
351327,115446.14377868545
351328,85137.54651884412
351329,1225.2581277352817
351330,24687.116613211347
351331,10964.809689522308
351332,154532.79126291972
351333,7679.454325546503
351334,21063.4656172378
351335,61790.906374788006
351336,342537.088655276
351337,275525.4141147077
351338,6775.1972598309185
351339,21226.79035513152
351340,10208.935842142404
351341,2143.637887956089
351342,45124.20273716467
351343,1066.2552291268385
351344,101.38179130314256
351345,16411.66142869842
351346,6880.914702588876
351347,17582.317275505397
351348,5225.2905631707545
351349,79958.44176659676
351350,271300.02288983634
351351,870535.8063821425
351352,94236.18077223311
351353,26281.11631433916
351354,26136.357082815844
351355,0.0
351356,48112.92190306944
351357,90.61080607097165
351358,249.09792200465063
351359,2790102.295244911
351360,390692.5749675696
351361,5988.57312251224
351362,1131369.8207760663
351363,21161.32177316693
351364,47173.18859433467
351365,14043.473225170994
351366,809.5646503780803
351367,38719.95705369559
351368,2103.0754432457215
351369,1661.1096669393758
351370,21804.58885566092
351371,202347.9342421398
351372,5261.335783167491
351373,158160.9490929571
351374,45115.28249640018
351375,6322.3359647311045
351376,197455.1490025276
351377,14356.85704140484
351378,339358.94244306657
351379,136416.65490495836
351380,116306.6179684248
351381,136445.61700642764
351382,1184.7850914473877
351383,15323.886322246912
351384,11715.839802432347
351385,84913.77941236069
351386,8836.243624209195
351387,58861.24167017317
351388,72363.78651567108
351389,146599.67041965455
351390,116099.6351345878
351391,23323.54759648274
351392,485.01582305490643
351393,94473.22229165095
351394,37650.21178126269
351395,5414.968427102279
351396,95272.86107085928
351397,103045.44142200833
351398,187852.27424309676
351399,10579.094992603701
351400,196.77452596644352
351401,4140.240538123227
351402,7148.947756606121
351403,13681.52267066334
351404,28125.567881875475
351405,3033.9542989358642
351406,8476.90662527002
351407,20559.21649380156
351408,9741.292240459921
351409,7900.598208671292
351410,89517.54837854614
351411,304872.0282092438
351412,41572.37646228199
351413,1286771.9910464566
351414,340489.0502995327
351415,33242.552507057466
351416,165176.10097612202
351417,895.3706416174693
351418,191633.39271338301
351419,2447916.6702054814
351420,19566.992505824557
351421,697624.4308730696
351422,538090.9343720686
351423,585242.9841106726
351424,998450.3930144934
351425,109149.06194327658
351426,116135.40826741024
351427,2295.9168979978786
351428,5794.366663015999
351429,46.96534418339843
351430,13772.408908816078
351431,93545.63902340105
351432,5056.780887110415
351433,40279.27615236721
351434,428807.597074074
351435,105911.86833241713
351436,576686.5457337704
351437,270988.9452931825
351438,94877.32178364013
351439,63900.07802741759
351440,522.3826666165596
351441,14450.625386763666
351442,264031.89590122516
351443,727708.1568138609
351444,321589.76655874756
351445,14858.17422098757
351446,25047.628414781815
351447,92199.11423754247
351448,16550.264757002256
351449,132782.28123880562
351450,1258.9062239951127
351451,77569.12514001582
351452,12010.161168239156
351453,4191.971648215565
351454,1351.4721813534566
351455,167705.92812809223
351456,871271.3785007773
351457,95984.13681769192
351458,4331.842581611037
351459,29233.63731064978
351460,119.26878853503581
351461,7868.162295658765
351462,185556.95954301895
351463,124218.97897122586
351464,289808.60970033676
351465,402120.5525099514
351466,13697.712964232656
351467,6846.54387990205
351468,17423.959269338724
351469,1858.5264588162026
351470,2646.2412796754616
351471,65888.19317112307
351472,12740.922450467508
351473,627829.4452017101
351474,27904.10731773708
351475,1212990.1696046013
351476,257.3411642961746
351477,1037.5729631031763
351478,998.3184745411252
351479,79647.39434363197
351480,11208.311659653795
351481,1179.5191623110427
351482,4111.858175796292
351483,1606.1917568254908
351484,429.14904477235746
351485,1649.5955182953876
351486,2404.861423641075
351487,832485.0306205939
351488,465190.2886338212
351489,28066.99449234979
351490,360315.8096582775
351491,26554.245457098223
351492,11654.769658312503
351493,1240.4421435888125
351494,24732.32248717865
351495,49177.519483404816
351496,87416.68369807617
351497,201116.63826762704
351498,78407.04307267626
351499,0.0
351500,306614.1642267713
351501,15098.102050766873
351502,15846.578463572503
351503,44.438850689247374
351504,213.92973955200625
351505,19291.315359971235
351506,439.6939700166706
351507,46.51220263347544
351508,116992.33769701404
351509,711830.7093240859
351510,287481.9240561342
351511,585836.2704304613
351512,25990.415929686515
351513,1267.1746858357355
351514,30666.7693198942
351515,522121.0393937784
351516,134285.25782807503
351517,174059.4027955982
351518,468444.9699117053
351519,265.1889626483853
351520,81.8714345089885
351521,205.24198947755372
351522,207.16718979647032
351523,4445.546792430696
351524,48378.98375424064
351525,19100.597713925446
351526,16964.024312421738
351527,307.81795299319515
351528,6433.451542982283
