Num,y
348622,708.7128399493397
348623,10620.288982510363
348624,95661.7434767561
348625,12307.933387559267
348626,-226.1472463040709
348627,48675.08378605687
348628,30306.404683227534
348629,39300.63403807256
348630,39191.6989961287
348631,416.21381104306056
348632,41.11873330171693
348633,18474.277745307496
348634,104961.24887027778
348635,6108.749885709709
348636,629.5379046595976
348637,69118.15706177961
348638,43318.99118017951
348639,120352.52082068473
348640,115614.55290277029
348641,582.2812615688626
348642,39693.777110591705
348643,33575.47986069825
348644,782.545098641532
348645,8512.656769321968
348646,1713.124615383358
348647,35895.19436087736
348648,2170.423606346585
348649,7633.449449858046
348650,2632.4837023020264
348651,9882.740925132075
348652,6021.979372128193
348653,98652.49646968173
348654,3772.33434770651
348655,10506.144707325439
348656,5173.788607146647
348657,1016.8374621837975
348658,12521.676796319472
348659,1847.9860632198233
348660,153.9437998319272
348661,2481.238469635544
348662,1847.8201972499028
348663,4375.148027239404
348664,523825.6627027502
348665,32778.60311644743
348666,92920.3188902947
348667,414649.42421304574
348668,39411.245857513335
348669,11196.389513739236
348670,7584.221653569821
348671,-1628.7123101260731
348672,14339.822195161112
348673,25.81779079272019
348674,42.78358200143032
348675,831001.580547696
348676,121508.67094277364
348677,1128.3556222817388
348678,14166.634347768057
348679,112246.56614427979
348680,7736.17445132015
348681,317.7832292668098
348682,22044.92326495266
348683,1607.6294601078907
348684,797.5977831966383
348685,10130.348782962144
348686,60999.49537153766
348687,2126.353215129624
348688,68632.54397504032
348689,786.420365482697
348690,3742.6402552187137
348691,57188.88268533547
348692,5364.893037930775
348693,45656.473549035014
348694,48317.44631164908
348695,46770.54773249765
348696,27585.6547754033
348697,35198.06535037831
348698,479.5469401143555
348699,6298.543603081876
348700,4712.575039756262
348701,17464.92699718196
348702,2436.568137618897
348703,15130.008676698431
348704,18986.066860709543
348705,50297.69080770493
348706,31866.543957927963
348707,14853.66117404152
348708,2424.419569003402
348709,22037.781328752273
348710,32260.304142369117
348711,12637.035229888847
348712,2224.2759146371445
348713,33955.09261519162
348714,35834.30718823185
348715,49296.94042135135
348716,4753.639918103992
348717,438.10413838496913
348718,837.2117685077892
348719,1347.5673580375249
348720,6275.327204262909
348721,40119.55270233913
348722,853.4110189774301
348723,149.73510440251982
348724,6454.399079064075
348725,1995.0945235270206
348726,1751.7062120312835
348727,30457.646023159105
348728,168964.40585261182
348729,11214.63442573301
348730,304001.93288701656
348731,90647.79557841789
348732,15786.116415266253
348733,51262.85134288826
348734,410.21943711393595
348735,855613.6090325038
348736,11029.978561275595
348737,8441.387210341782
348738,234318.8292901863
348739,207218.15819399618
348740,226403.7068771955
348741,357930.213983678
348742,46182.07935741308
348743,32541.421338938206
348744,460.4812771864408
348745,3101.6513828534153
348746,-158.1869714332015
348747,5038.092603139123
348748,27084.8573807511
348749,1398.0410763811587
348750,7339.190040030451
348751,138858.40843387734
348752,28978.20627048651
348753,146203.74662936386
348754,50426.2403811675
348755,24260.55151378266
348756,19401.779556819456
348757,-78.2924325424101
348758,5019.162529000707
348759,84597.95669893303
348760,212432.84079950233
348761,89748.45485475112
348762,6161.588450240568
348763,11134.435797774462
348764,102.5765448130515
348765,3282.956385712545
348766,36957.61808915793
348767,561.024162423691
348768,261.20438300448194
348769,23438.677169364222
348770,3501.156608595491
348771,444.04130897076425
348772,179.5140403115214
348773,47686.39640219294
348774,299548.36242964363
348775,718.3498358125189
348776,8059.10147158552
348777,88.77430324719353
348778,5923.845055301381
348779,27512.116754959003
348780,36583.061014379404
348781,30100.97136197843
348782,67955.8208196853
348783,95629.42278324248
348784,2957.9382605107858
348785,1930.3626775152788
348786,7091.632715368105
348787,366.62933194651214
348788,1569.8651228073722
348789,15059.795086475657
348790,5125.737831188671
348791,207944.87639979203
348792,91121.50933410256
348793,291.2167918580727
348794,292.282378220239
348795,-6.599219581469356
348796,542.393225526245
348797,328.4332040388988
348798,49715.50937693738
348799,2611.998863042736
348800,318.8320726608449
348801,1095.6906664715143
348802,377.13360711471887
348803,181.21896228008995
348804,309.7945185826211
348805,1254.5128185935591
348806,211656.5013624282
348807,10585.308608177316
348808,405668.1737208129
348809,107774.37441715028
348810,7491.003774954428
348811,4920.88778004676
348812,543.5540737480824
348813,9497.075568452521
348814,19548.64484821175
348815,29886.13699887588
348816,80729.26574385201
348817,28012.281762218816
348818,121.6280648508291
348819,64521.36980283141
348820,2711.9889656912383
348821,-22.45006931488865
348822,-87.6730441667637
348823,7140.423685007145
348824,-602.6602237015759
348825,-2654.174149034523
348826,148.42105259212747
348827,31.51499042620523
348828,40107.22940117927
348829,301598.4674267635
348830,78389.75191092154
348831,176248.4663537041
348832,9667.18228849617
348833,251.0169145425989
348834,12390.356299810097
348835,43279.07430468332
348836,176297.28900913277
348837,-27.191503968478173
348838,61.88358677298925
348839,21.463523369078302
348840,3208.880228867857
348841,16186.256033012454
348842,7432.442078958909
348843,265.2478348380556
348844,693.8740252333728
348845,87002.6577788319
348846,223029.85091569135
348847,6453.90294493152
349519,2657.0088395863754
349520,33558.28791245169
349521,278113.7112032784
349522,32322.6470008294
349523,-154.41840332488027
349524,142125.98234836414
349525,88505.35307166874
349526,74672.04690038803
349527,78095.50644606525
349528,2041.7502273370956
349529,1457.608299673997
349530,58954.43541638866
349531,281981.72143764223
349532,23124.518872505374
349533,2124.049076908321
349534,196304.95873423346
349535,99634.40286566071
349536,511634.147409781
349537,507417.0508493001
349538,1741.3435677172497
349539,129929.26098204774
349540,80003.63498414686
349541,1507.508285026876
349542,23490.705284215263
349543,7232.584483395757
349544,149706.18062424634
349545,7503.939312261247
349546,21077.227343744
349547,5286.622871035288
349548,22215.392575590307
349549,19434.921620011177
349550,273126.68119942443
349551,11583.054189211081
349552,27033.682783658853
349553,11958.938122857484
349554,3167.3247547046703
349555,45817.245712043696
349556,2034.479028029742
349557,171.62418126634566
349558,13144.409534778257
349559,4739.38843778501
349560,15560.686012726903
349561,1244834.3726088754
349562,90553.23880499059
349563,334961.00145244197
349564,1051861.7319184153
349565,105527.53969396083
349566,30423.607594878144
349567,20844.84047046343
349568,-1023.0786640825681
349569,47385.68375626245
349570,136.30071575572913
349571,107.83248021752433
349572,2593417.8606314934
349573,360573.3708635378
349574,7840.395384811753
349575,52448.4173748101
349576,328494.0605483372
349577,16937.802366925607
349578,1101.6286177999586
349579,42210.30262762259
349580,2277.7881077789875
349581,1393.550330556113
349582,18522.515862192886
349583,155724.83640705154
349584,6074.723020448531
349585,119652.42677186846
349586,34021.29706951856
349587,5575.722448280687
349588,196650.93681420916
349589,15960.719556355267
349590,169521.91017431376
349591,122327.89258036467
349592,118688.18178456796
349593,101698.61962840737
349594,74395.21975242259
349595,1173.2351958131858
349596,18024.884868476154
349597,16170.113060466216
349598,69439.69511233483
349599,8724.549426286765
349600,44549.910111453035
349601,64065.09432886685
349602,137873.79780814267
349603,125304.84166222186
349604,23594.562998110123
349605,7939.389337680625
349606,71013.87346753817
349607,83264.5208500526
349608,40342.774743061396
349609,7152.763869492443
349610,87003.72402182024
349611,104890.45044160771
349612,189067.6361468005
349613,9845.091871040047
349614,302.02442719529586
349615,2426.32144629167
349616,5537.72945990784
349617,15430.706486351402
349618,121749.07027758079
349619,2112.0392426852572
349620,314.0183703362426
349621,19932.114239701652
349622,6899.65567640382
349623,5323.015026740255
349624,77693.81800860907
349625,273519.61260152975
349626,27702.86932778747
349627,1078844.1206908633
349628,268478.50427933724
349629,34283.69646725953
349630,195359.77480867808
349631,776.1597911332808
349632,2237014.543121713
349633,36767.92108323597
349634,26012.668104160104
349635,601122.517013111
349636,528061.8785514215
349637,540335.1160360876
349638,978897.8092719235
349639,107151.96991707858
349640,118921.6998659512
349641,2361.1692501957314
349642,7713.364308486189
349643,-7.1792784587737515
349644,14270.063877658122
349645,84902.31868176078
349646,3826.3064374563537
349647,29645.988612350873
349648,409301.6889446449
349649,97515.02656857537
349650,560196.3266751837
349651,246852.77796466823
349652,89541.10459583536
349653,56975.4020553561
349654,660.9835226155328
349655,17362.828382088683
349656,281595.2293563546
349657,746254.7833469434
349658,321828.8848778443
349659,22747.887023386676
349660,30330.88617124765
349661,10.615298450012915
349662,10620.585694199865
349663,119688.91083405554
349664,2753.2944296576134
349665,24.393899449707078
349666,93572.55573729769
349667,12527.404191305726
349668,3032.811828285397
349669,1991.216340837771
349670,126024.67022155346
349671,651190.0302605955
349672,2675.8201899470673
349673,24542.54554810265
349674,144.39545559580813
349675,15388.128093760082
349676,87986.90617383007
349677,169316.37989705688
349678,108227.06775179766
349679,243956.4388685582
349680,363975.9712946487
349681,13233.05181447996
349682,7955.333064137145
349683,19834.550321635295
349684,1636.6215147809407
349685,4915.605142126603
349686,57200.01932896742
349687,19069.665448903732
349688,654941.1674961491
349689,463826.1925739139
349690,306.38639254925033
349691,796.8711558978016
349692,24.408564152783754
349693,1886.8082346760636
349694,1088.4287334849369
349695,92948.36788876491
349696,7015.344184684703
349697,1296.3813944994859
349698,3239.902663332803
349699,1177.563131039508
349700,679.7230711274649
349701,1932.081203482216
349702,3476.0548734838353
349703,829047.9377400111
349704,34211.967214327466
349705,988291.2780529701
349706,318148.4863951843
349707,21864.488476326547
349708,15763.984269118704
349709,1484.3148280799705
349710,27728.505634549485
349711,44474.3566799778
349712,77519.63524623506
349713,227525.0913784779
349714,93694.75194868859
349715,374.2712232325557
349716,250418.87302258558
349717,17476.907308729613
349718,335.0068366063168
349719,-29.308976173739666
349720,21842.83748702865
349721,362.8357329619903
349722,-1317.9037491419585
349723,706.7944677572679
349724,34.131295756107534
349725,121733.88039684456
349726,698958.5701799279
349727,260934.74428740225
349728,572072.8272304736
349729,30010.800015136898
349730,1985.2195685858287
349731,36158.56635481047
349732,148414.57156166213
349733,544911.0688551357
349734,92.69984711159191
349735,187.28077124843924
349736,223.50269420870052
349737,6634.184380825791
349738,47721.90305845536
349739,18425.880742516714
349740,528.2485201060274
349741,4007.189591203808
349742,268668.54333503
349743,598921.504355021
349744,18890.904212368525
349745,34076.93345791105
349746,283396.81430799694
349747,32583.449864966482
349748,48.0
349749,143711.94043241083
349750,89439.94444075768
349751,75595.85919980805
349752,79162.89970952284
349753,1975.0929700920497
349754,1379.532584313165
349755,58657.33385318324
349756,282785.0010299461
349757,23014.41167352302
349758,1244486.11905341
349759,2662.917494357516
349760,2120.9862697686376
349761,198234.5069221865
349762,100985.55970081298
349763,516018.98950400803
349764,512541.26282826427
349765,1740.8337056488144
349766,131081.43855341393
349767,81319.95041366
349768,1514.129464205134
349769,23786.970807853635
349770,7259.449916234162
349771,151831.6445318733
349772,7594.010011953875
349773,15422.793078023526
349774,10708.663719468528
349775,22360.67305570576
349776,19583.67218487388
349777,273920.7472359125
349778,10788.303102563477
349779,27079.626602719967
349780,11981.244274208006
349781,2903.2510646115243
349782,46283.34608501394
349783,1935.7337275231148
349784,124.05805962157046
349785,13109.022836137865
349786,4687.491779243199
349787,7589.374310608571
349788,4927.975709266881
349789,91110.10504861057
349790,334328.6471103122
349791,1057665.7399805714
349792,105055.21586031845
349793,30711.513208058124
349794,21221.981216032862
349795,-1532.0071499808764
349796,47707.73237060351
349797,137.62127489022362
349798,99.74238166250905
349799,2626279.289152793
349800,364508.79278234654
349801,16375.822759303377
349802,170714.48141254243
349803,330182.26094735763
349804,17025.47787561721
349805,1227.662135011481
349806,43230.00202914469
349807,2373.6512563264037
349808,1472.5034420008144
349809,18806.930047760918
349810,168461.81338452775
349811,5393.570107603649
349812,135170.5165072179
349813,47127.32124116836
349814,6365.38145101646
349815,197794.68742296306
349816,810.9109938433938
349817,53577.409826302566
349818,123536.62422219198
349819,119597.54515354612
349820,102602.21589447062
349821,1183.695457659222
349822,18091.101640130368
349823,16206.388807374302
349824,68482.33601841031
349825,8795.966701304968
349826,64002.07561619207
349827,135920.26182570995
349828,124626.32046772097
349829,45207.81345668919
349830,15811.381145274212
349831,124669.4308420133
349832,8000.5705589861245
349833,72512.95167124172
349834,83059.88279590593
349835,40268.830353740064
349836,7095.975816437389
349837,89233.97124452572
349838,107131.08925502194
349839,192326.4839260099
349840,9838.483595909902
349841,310.03346809333374
349842,2452.5514684594923
349843,5964.119565951775
349844,21579.339269505646
349845,25070.124931262726
349846,2340.092775898854
349847,316.19611443453607
349848,20427.720383442367
349849,7127.925103832511
349850,5482.79279527428
349851,79192.17305820159
349852,283291.623066398
349853,29453.07530119749
349854,1103384.5731358877
349855,273103.443366326
349856,36251.02170086108
349857,196518.9675163314
349858,2247730.80826463
349859,37526.035453866556
349860,26622.105178184414
349861,606380.5676953784
349862,534204.8460183933
349863,547887.9237676796
349864,987232.3866281379
349865,107132.89891179034
349866,119547.14901189708
349867,2370.2831264117544
349868,7796.494442021495
349869,-74.52666284774796
349870,14319.320475510218
349871,85407.08906257185
349872,3823.4696265104762
349873,29943.356743841552
349874,411459.0513418164
349875,98599.26835729109
349876,566879.9215858576
349877,249559.06675084232
349878,90494.54856207213
349879,57568.01235706909
349880,536.2013412893384
349881,17477.17680387952
349882,283522.15527566307
349883,751603.797793091
349884,324107.0088915005
349885,22863.051541797737
349886,30443.223547546255
349887,12.267987259898007
349888,15674.490733158158
349889,2774.659178223783
349890,94540.20302762458
349891,120692.8362495194
349892,12619.909563761521
349893,3058.5202419568186
349894,1999.8629849562546
349895,126468.84005331252
349896,666035.513497305
349897,75885.5339867566
349898,2704.139534104931
349899,24052.243820187654
349900,48.0
349901,466.0
349902,88525.87439428957
349903,170181.72013349846
349904,109155.75578102675
349905,247073.5152765051
349906,367508.46620682225
349907,13043.166605937513
349908,7839.519593161132
349909,19344.123494515283
349910,1563.2663979851104
349911,4783.50499004472
349912,58034.64283754593
349913,19271.391213502688
349914,659105.0245616644
349915,3489.8508521345043
349916,307.14768669491286
349917,801.3291516181142
349918,8.0
349919,16.0
349920,1905.7629025416811
349921,1106.2094562754544
349922,94613.98109587267
349923,6986.487082825944
349924,1283.522514562932
349925,3279.2144047671045
349926,1148.2317085110274
349927,666.3410025066999
349928,1915.2458254865692
349929,34860.03125869409
349930,835320.0122397933
349931,466984.69773160195
349932,987517.014147987
349933,316270.83596220834
349934,21664.379833659223
349935,15882.326593766746
349936,1300.8670746674798
349937,27959.6191328906
349938,44950.48740286535
349939,78424.93719243137
349940,229528.230551926
349941,94404.4354798331
349942,252549.91513970718
349943,324.5184606775397
349944,17461.559156051808
349945,21977.726073665406
349946,64.0
349947,80.0
349948,704.8674415518833
349949,31.51499042620523
349950,122408.7532052132
349951,703049.6825148244
349952,262879.74796964275
349953,578199.9832995746
349954,30168.53371713699
349955,1831.0622600470433
349956,36333.08868607567
349957,149530.01223928
349958,-71.07240536984727
349959,78.44484981683513
349960,177.41031406322088
349961,214.06241840027985
349962,6585.323946321496
349963,47114.469613006535
349964,18474.546201829384
349965,550591.1646929873
349966,601291.6114217396
349967,269146.95861968806
349968,18833.68796155306
349969,522.922960616945
349970,4076.057935235059
350191,1498.3377354259123
350192,27409.23651896543
350193,299467.4662745954
350194,29394.096519204606
350195,-65.00931589000174
350196,147478.7697427348
350197,68449.23842597402
350198,112121.35347700275
350199,102899.34427016198
350200,3366.471120505259
350201,1705.6583981014974
350202,54852.81829865951
350203,275196.47353096283
350204,21638.982036440226
350205,1927.7925874610764
350206,181126.64793924164
350207,122409.31316065819
350208,508786.6314521179
350209,510150.4208705763
350210,2319.6768791394943
350211,114270.54794288005
350212,84365.08610687015
350213,1233.9394610377726
350214,24397.142719245458
350215,10885.082170138365
350216,151737.5279212453
350217,7589.13642853725
350218,18977.10137017903
350219,5259.968637494054
350220,23475.454822246338
350221,16836.11865009251
350222,277908.6643321539
350223,6971.384190889199
350224,21796.32968313455
350225,10389.19799602013
350226,2246.3595179695803
350227,44975.59736823096
350228,1245.27732489562
350229,91.13688755623389
350230,16556.99367396751
350231,6872.804297666871
350232,17933.939088618186
350233,1147164.7547737425
350234,80082.44336711915
350235,339164.2948097449
350236,872383.5190637365
350237,95376.53330201938
350238,26938.112667580426
350239,25963.99101556372
350240,-540.4419435192758
350241,48042.88318742008
350242,86.0062604653948
350243,241.67655865743802
350244,2769363.3985105585
350245,387960.57505480776
350246,6061.800062663751
350247,46723.40847943228
350248,342801.9971633163
350249,14366.152221021206
350250,748.3489517478438
350251,37891.70172659514
350252,2040.7997273415544
350253,1629.6448219842255
350254,21208.897736940322
350255,192422.18828702142
350256,5358.467492202009
350257,149535.53719203608
350258,42338.38641733285
350259,7320.317938643591
350260,198126.9503720241
350261,14260.927090481473
350262,193637.23297271624
350263,137249.7663626574
350264,117455.00910271876
350265,132950.61926535072
350266,96769.76453518856
350267,1175.479413034605
350268,15520.739906877852
350269,11829.001934676058
350270,86028.76564074574
350271,8941.864767541281
350272,57207.84509887119
350273,72729.41478118097
350274,148669.99287517864
350275,117257.62850664782
350276,27902.82152095414
350277,8491.686847227405
350278,61434.93741808556
350279,94808.21847304574
350280,37975.16448456455
350281,5473.218201821916
350282,94128.33496742751
350283,101605.42215452279
350284,186383.56536588143
350285,10574.23119720794
350286,198.31232874835467
350287,4062.0394960739072
350288,6742.858252910577
350289,13790.384639692013
350290,105852.11497266241
350291,3149.5959352339473
350292,466.3162906488508
350293,19244.687410835406
350294,6431.443740625502
350295,4633.079576568052
350296,80364.24039972079
350297,302961.9495768619
350298,33169.97298552845
350299,1272289.4481813046
350300,336911.1112957991
350301,33139.864954263605
350302,166253.24052559084
350303,868.6539096836735
350304,2463421.3509803247
350305,41737.082194438306
350306,20971.091266939693
350307,704511.2448169019
350308,543934.3167718775
350309,589737.1718797642
350310,1015563.458397517
350311,110884.88409067167
350312,116621.67765817163
350313,2343.7037762116634
350314,6062.1298948475705
350315,37.14089235257097
350316,13892.286413196813
350317,94899.0992891952
350318,5060.990142788404
350319,28412.992023588988
350320,430782.9295571526
350321,106738.09712894185
350322,577596.950204736
350323,271072.2479182342
350324,95259.9866808363
350325,63931.26029832011
350326,549.6010765983374
350327,14583.489177452733
350328,264759.5019879264
350329,727681.032695183
350330,321892.0395956436
350331,15042.730107313277
350332,25363.971586414307
350333,121.28130385982456
350334,8284.727936961208
350335,133052.50051144956
350336,1327.7301662088175
350337,138.86524396186354
350338,77968.67449231562
350339,12104.7546894281
350340,4125.906472216532
350341,1352.5494717760866
350342,167541.72427655174
350343,873299.6685529195
350344,4261.770596488151
350345,30017.022314616544
350346,186.87173461688172
350347,15501.907530354638
350348,92824.90988530443
350349,185813.35572524118
350350,124395.43733374958
350351,289508.3407377285
350352,401098.58946748654
350353,13616.157976144776
350354,6797.182617157998
350355,17180.26685086092
350356,1980.5500827218139
350357,2935.912353381549
350358,66334.33694503161
350359,13259.091670599402
350360,635106.966751165
350361,467355.0235180906
350362,212.7204196898764
350363,266.0487286178507
350364,28.019265900219864
350365,1066.812330061621
350366,1021.5572141818635
350367,79713.8186808996
350368,11195.245661776591
350369,1169.7853871161708
350370,4077.190307584722
350371,1610.0250529766472
350372,432.8336249385857
350373,1622.072652462004
350374,2393.296658065816
350375,835200.0563065124
350376,28216.6768885988
350377,1209200.8239111449
350378,360278.7626321057
350379,27104.595541618288
350380,12160.924171826267
350381,1349.314309074458
350382,24819.320962322417
350383,49156.78414869871
350384,87082.98018178529
350385,202292.0762680927
350386,78900.72414057655
350387,-342.25121787355965
350388,305827.7666469122
350389,15974.980525851413
350390,261.3127630034512
350391,-4.745147715471376
350392,19338.86013571396
350393,-360.86023106761786
350394,-911.6711668390708
350395,446.10460050074886
350396,48.709916950524146
350397,118275.44894982417
350398,717116.9997472599
350399,288244.7993351326
350400,588795.5745683054
350401,26217.604978284027
350402,1260.0842064884318
350403,30871.224838639755
350404,134538.04600002174
350405,522981.5902060518
350406,83.95925823624896
350407,211.76386087776746
350408,213.1260229102927
350409,4475.227755148266
350410,49437.44006126726
350411,17094.53752149532
350412,307.99542406962826
350413,6380.471125388995
350414,177105.58841141002
350415,472291.7189508352
350416,19331.394218113903
350417,27241.65528074006
350418,299651.71532984945
350419,28998.745490866488
350420,48.0
350421,147205.77164458003
350422,68446.12613872995
350423,111795.30219698476
350424,102204.00987274796
350425,2979.6606240779547
350426,1449.592357619551
350427,55034.74058290694
350428,288074.80285185657
350429,21219.961740880775
350430,1245610.7772219274
350431,1480.9635912252597
350432,1886.4832902538021
350433,179550.93381217148
350434,121843.24116723283
350435,500953.99065321696
350436,501539.17402392975
350437,2308.7799767976644
350438,114477.51492055968
350439,84652.08585703882
350440,1243.1201802070486
350441,24427.446054788816
350442,10698.788820726266
350443,151867.93255781799
350444,7615.004829648244
350445,17891.782117921262
350446,8425.596208499966
350447,23656.61888982229
350448,16706.7602722518
350449,281192.73719555367
350450,8296.08044135624
350451,23296.65662183794
350452,10516.352559258203
350453,2606.477221753499
350454,44575.16488026447
350455,2027.7557237530336
350456,186.50162996791778
350457,16403.47774362587
350458,7335.384950876886
350459,5969.7681743298745
350460,6348.37179900712
350461,79171.98003841563
350462,342342.0923047315
350463,917090.6454031123
350464,100456.74588471506
350465,27419.039214619595
350466,25609.08970532058
350467,-1055.1278287229943
350468,47450.46961570384
350469,76.26680254075404
350470,229.2742318334491
350471,2763493.9553806614
350472,384883.3962179303
350473,14335.564805749375
350474,188434.11593082675
350475,344880.6026539365
350476,15083.761820065589
350477,754.0250121326362
350478,38262.423271885295
350479,2090.4753613667062
350480,1650.202696146866
350481,20988.810320416495
350482,191496.51302771474
350483,6427.791789012077
350484,150794.92909819327
350485,42199.12739131925
350486,7469.310754190201
350487,196039.18588712355
350488,878.9302945165614
350489,46811.087922011015
350490,136432.579337943
350491,119639.01512747243
350492,132849.28556131234
350493,1233.409096906049
350494,15659.825294769842
350495,11803.25565624843
350496,87236.6518161664
350497,9280.629093253609
350498,71704.12872293728
350499,151047.1711326733
350500,117925.47073798973
350501,57305.99551964404
350502,13910.743277784255
350503,106490.24342037394
350504,8359.810595394234
350505,61439.04766719001
350506,93581.41967116915
350507,37584.990640687174
350508,5618.936194715755
350509,94533.10877836884
350510,101972.07412636459
350511,186380.70305993618
350512,10543.16725556536
350513,206.14328883382336
350514,4057.3372866751088
350515,6706.576074254564
350516,19079.765778999354
350517,28087.003398361976
350518,3140.947116399773
350519,449.7152201598798
350520,19286.69734424395
350521,6457.371258139472
350522,4662.182755618325
350523,80130.46157861238
350524,305715.8691873632
350525,33397.326805332275
350526,1272052.1871635702
350527,336910.06248719076
350528,33630.01678667975
350529,163365.33564834704
350530,2499412.134258708
350531,41243.234394854546
350532,21481.464364419895
350533,704320.3512470442
350534,563815.9141443442
350535,600280.8356778747
350536,1049421.2316568762
350537,113455.72278669762
350538,115499.04577957379
350539,2296.481944106163
350540,6162.000313241488
350541,-7.1792784587737515
350542,13809.848551673014
350543,93828.19572546572
350544,4978.40599927582
350545,28829.466564230537
350546,431882.99245448085
350547,105382.00001368258
350548,568837.7542997977
350549,265567.231661723
350550,93329.69401730492
350551,63018.45732840899
350552,567.2061579708961
350553,14342.665176835297
350554,261287.73185060744
350555,716794.6431097079
350556,316782.7401069305
350557,14853.171521580516
350558,25667.421100821746
350559,131.11362922379868
350560,15275.714341615872
350561,1278.9867212688882
350562,76267.93304921515
350563,131524.16182281205
350564,11918.18516145886
350565,3838.469012601212
350566,1304.744917598247
350567,165860.12076229524
350568,874628.0470923737
350569,97169.3778812407
350570,4193.374261236922
350571,29133.829367820006
350572,48.0
350573,466.0
350574,92370.33577407856
350575,182800.3012024032
350576,122087.84511839674
350577,284492.7691935192
350578,395906.0703137497
350579,13606.573531932934
350580,6592.059774433021
350581,20236.93594589491
350582,1969.4066802158104
350583,3845.0506690615066
350584,65844.12099438556
350585,13482.081385582522
350586,658285.4481318841
350587,2399.7126484692903
350588,210.73009526726287
350589,267.73416841267374
350590,8.0
350591,16.0
350592,1045.915330748103
350593,998.7313552693453
350594,89026.17045896756
350595,11013.081927993717
350596,1199.7706234629675
350597,4002.804116191924
350598,1659.739479526499
350599,515.2339215109628
350600,1581.9223065953256
350601,28063.57410874367
350602,822656.2545007922
350603,459925.6737301672
350604,1205911.699330255
350605,357800.00740514015
350606,27764.149215885525
350607,12840.776846345168
350608,1695.8253363024178
350609,24176.10378953417
350610,48479.218829977006
350611,85751.94096484705
350612,206570.76536455035
350613,78617.41986541334
350614,302137.00964878395
350615,228.14623747606947
350616,14762.812780312572
350617,19068.423501694233
350618,64.0
350619,80.0
350620,445.48386163322846
350621,50.0449764796564
350622,119090.21395753726
350623,742058.294596794
350624,282791.28898554965
350625,585743.5470686208
350626,26277.9607427253
350627,1231.0005189278636
350628,30978.11529551353
350629,132708.48777842402
350630,-62.139820891187355
350631,69.90743532482804
350632,212.0851989601947
350633,200.9958438281334
350634,5269.350524093982
350635,51145.54418421201
350636,17548.151240455663
350637,519804.88986484567
350638,494563.7711037304
350639,187317.87845793978
350640,19607.35258518147
350641,304.2463408013016
350642,6282.689234488353
350643,61577.0
350644,16462.0
350645,682.0
350646,679.0
350647,10724.0
350648,88302.0
350649,12537.0
350650,45448.0
350651,28369.0
350652,38403.0
350653,38382.0
350654,1049.0
350655,518.0
350656,33584.0
350657,39684.0
350658,113678.0
350659,116718.0
350660,470.0
350661,33103.0
350662,25325.0
350663,692.0
350664,7132.0
350665,1996.0
350666,27147.0
350667,1819.0
350668,6668.0
350669,18993.0
350670,77738.0
350671,67953.0
350672,3590.0
350673,7209.0
350674,4619.0
350675,1086.0
350676,13023.0
350677,1304.0
350678,177.0
350679,2366.0
350680,998.0
350681,4620.0
350682,1803.0
350683,33289.0
350684,72776.0
350685,269406.0
350686,25731.0
350687,8099.0
350688,7977.0
350689,32.0
350690,14340.0
350691,37.0
350692,80.0
350693,798511.0
350694,124024.0
350695,1932.0
350696,319440.0
350697,6470.0
350698,11620.0
350699,5528.0
350700,225.0
350701,14345.0
350702,1271.0
350703,563.0
350704,6085.0
350705,41681.0
350706,2366.0
350707,35307.0
350708,257.0
350709,1561.0
350710,48124.0
350711,4427.0
350712,81095.0
350713,45080.0
350714,37802.0
350715,22836.0
350716,386.0
350717,4892.0
350718,3851.0
350719,14985.0
350720,1381.0
350721,12794.0
350722,20393.0
350723,47720.0
350724,29595.0
350725,6580.0
350726,177.0
350727,28923.0
350728,11664.0
350729,1948.0
350730,26956.0
350731,28831.0
350732,35215.0
350733,4701.0
350734,418.0
350735,684.0
350736,354.0
350737,4741.0
350738,12054.0
350739,257.0
350740,1833.0
350741,3920.0
350742,1465.0
350743,1320.0
350744,19669.0
350745,125278.0
350746,4974.0
350747,282891.0
350748,82712.0
350749,9038.0
350750,51326.0
350751,264.0
350752,39681.0
350753,679986.0
350754,7534.0
350755,199076.0
350756,133552.0
350757,181527.0
350758,304665.0
350759,41855.0
350760,29168.0
350761,437.0
350762,2880.0
350763,48.0
350764,4477.0
350765,26275.0
350766,1263.0
350767,10497.0
350768,122128.0
350769,28162.0
350770,136695.0
350771,58207.0
350772,27120.0
350773,19247.0
350774,161.0
350775,5103.0
350776,81007.0
350777,205960.0
350778,89744.0
350779,5771.0
350780,9492.0
350781,24888.0
350782,6047.0
350783,33940.0
350784,579.0
350785,23208.0
350786,3574.0
350787,399.0
350788,164.0
350789,45458.0
350790,238115.0
350791,29313.0
350792,700.0
350793,8331.0
350794,241.0
350795,2753.0
350796,37467.0
350797,32711.0
350798,75240.0
350799,104988.0
350800,3139.0
350801,2463.0
350802,3622.0
350803,458.0
350804,539.0
350805,13533.0
350806,4691.0
350807,143555.0
350808,5219.0
350809,378350.0
350810,273.0
350811,542.0
350812,338.0
350813,22354.0
350814,2727.0
350815,273.0
350816,1143.0
350817,305.0
350818,120.0
350819,418.0
350820,1239.0
350821,215493.0
350822,98311.0
350823,10704.0
350824,108002.0
350825,4879.0
350826,3810.0
350827,571.0
350828,9964.0
350829,19344.0
350830,30308.0
350831,60080.0
350832,24781.0
350833,64.0
350834,74229.0
350835,6134.0
350836,5087.0
350837,64.0
350838,305.0
350839,7224.0
350840,128.0
350841,32.0
350842,32890.0
350843,188965.0
350844,83555.0
350845,155442.0
350846,8341.0
350847,619.0
350848,10437.0
350849,148962.0
350850,41278.0
350851,52399.0
350852,149494.0
350853,40.0
350854,16.0
350855,80.0
350856,56.0
350857,2168.0
350858,12952.0
350859,5950.0
350860,6161.0
350861,281.0
350862,829.0
350863,34041.15957867149
350864,401613.63971663197
350865,36904.89254429934
350866,48.0
350867,174844.96278883307
350868,85074.89844149635
350869,222209.230412833
350870,228518.98469414108
350871,2542.8694741063227
350872,1818.73496332393
350873,62035.09146079418
350874,364166.36473086494
350875,26402.991462612583
350876,1434109.380879195
350877,1772.1947567305679
350878,1879.3713386086781
350879,244313.04224315376
350880,138458.760930532
350881,584721.3483227611
350882,641141.0937542164
350883,2220.799014751819
350884,126426.70287731776
350885,112747.37416569203
350886,1257.2161251261375
350887,44940.69823350991
350888,11927.580366748794
350889,178764.65043441672
350890,12503.50931685474
350891,36646.36915683659
350892,18682.941273216038
350893,25826.24695899037
350894,23083.309838721063
350895,340277.661223426
350896,9006.099708503145
350897,29416.087628116613
350898,14107.079572165117
350899,1966.06011349467
350900,55209.01076047081
350901,876.213359467094
350902,27.345220675863857
350903,15164.39630855943
350904,4861.515928204375
350905,7605.8208161016555
350906,4962.828605086996
350907,94577.88398356055
350908,373952.3167392878
350909,1328952.432676618
350910,98244.11270312559
350911,44420.85681771757
350912,28488.738378285598
350913,-524.2877452654502
350914,62063.75073853007
350915,158.62237392240746
350916,127.44072613992194
350917,3630050.7290480775
350918,479326.8754222042
350919,26403.089110016812
350920,241044.48245778555
350921,447625.5277181913
350922,20196.823624405766
350923,957.0177083716362
350924,44232.91707540319
350925,4607.813989475633
350926,2201.337455796811
350927,22195.41822791127
350928,224238.65155916248
350929,6404.511657865194
350930,190140.8488815067
350931,74104.96079528815
350932,9922.826160758023
350933,216154.98064175303
350934,1656.9185880482569
350935,80330.66129545766
350936,176695.36880301932
350937,161992.2119545826
350938,183576.26653032895
350939,2276.4765401847653
350940,20266.078400144495
350941,15208.245963197223
350942,146739.95314232647
350943,6578.755018346656
350944,90811.13073135904
350945,192699.9215455557
350946,141927.39722530218
350947,64791.159065060565
350948,18426.711379177174
350949,124182.06572300583
350950,9766.70363542058
350951,66828.32432197852
350952,141597.35716315272
350953,66297.8229909974
350954,5830.125002228217
350955,128262.22001973409
350956,145326.1647436244
350957,216697.3663489926
350958,14592.355105943781
350959,102.47876699794004
350960,4244.990645478819
350961,8818.946771599325
350962,19229.524177059262
350963,49934.6502727942
350964,3491.3883954618905
350965,393.3320050083013
350966,20643.113878295564
350967,7915.8174218859385
350968,5663.7671231485565
350969,103293.98693335612
350970,347220.0347613923
350971,39257.81660580071
350972,1562230.9605396963
350973,446462.9489495843
350974,58754.82070817346
350975,201038.7070993943
350976,3092875.5830697967
350977,101707.50338213421
350978,70112.4912522857
350979,916366.6752304791
350980,677475.0706731016
350981,725788.448201261
350982,1377111.0070399474
350983,161056.90724650878
350984,150240.30300683543
350985,2462.9838206089134
350986,5261.664274274874
350987,4.171859531316841
350988,13307.0143052188
350989,106533.02161409544
350990,3759.250875810929
350991,34129.381898167114
350992,517575.09008407727
350993,152334.37600659364
350994,746557.8728257759
350995,352125.527557876
350996,117441.29984832242
350997,76471.25876408571
350998,929.1676674539312
350999,20956.00865556376
351000,315090.15971122624
351001,770752.2602724122
351002,335693.2256296939
351003,21689.87440794739
351004,37672.12202386218
351005,137.43829285335295
351006,23229.920383414305
351007,3531.121227364515
351008,104063.19204355776
351009,162518.57711739515
351010,14800.022171022763
351011,3539.039909156598
351012,823.6308971104553
351013,189941.47295991992
351014,1031342.7424429056
351015,105523.4551282867
351016,3677.798269662537
351017,30290.388260829426
351018,48.0
351019,466.0
351020,116693.53065973129
351021,211227.13070492327
351022,146302.5796869871
351023,343334.1558308415
351024,447806.1253465759
351025,15189.81651925081
351026,10932.153533815366
351027,18828.554263685968
351028,1667.1080619171416
351029,1801.941369568298
351030,85248.71903783322
351031,22768.455505292215
351032,774355.4485034412
351033,3480.5023913081063
351034,375.2867278934416
351035,298.2586347912252
351036,8.0
351037,16.0
351038,1894.363757091244
351039,1411.5139376403101
351040,102085.8470330004
351041,11851.866526114174
351042,1236.1961869891302
351043,4818.003846253011
351044,1488.565978012212
351045,1825.0097408547647
351046,2692.071159665599
351047,31106.91442237963
351048,1028830.907814913
351049,567927.4444772998
351050,1890733.2050905812
351051,703906.1808468403
351052,34162.54505288058
351053,26020.827348251973
351054,1058.5897737933537
351055,43879.61884872833
351056,93114.49643030037
351057,157640.27340497874
351058,267912.88154001365
351059,87907.60106398338
351060,378616.0972127817
351061,378.1119779600523
351062,23318.313840949737
351063,22091.151471480793
351064,64.0
351065,80.0
351066,609.8606366901693
351067,128.07849806993613
351068,143412.46568298718
351069,907557.7276545336
351070,399727.94460025686
351071,767597.3488697472
351072,31893.954002994597
351073,1017.1009434255702
351074,37295.56327783545
351075,157444.71598443115
351076,174.5960753046288
351077,59.57049431047017
351078,147.40620902400372
351079,253.66812256537594
351080,8306.408042378276
351081,75831.12096714452
351082,25144.131390153998
351083,694338.4487076984
351084,642653.2368298739
351085,261083.81908706244
351086,32031.1183036066
351087,316.0311917058074
351088,7202.617668788839
351089,61577.0
351090,16462.0
351091,682.0
351092,679.0
351093,10724.0
351094,88302.0
351095,12537.0
351096,45448.0
351097,28369.0
351098,38403.0
351099,38382.0
351100,1049.0
351101,518.0
351102,33584.0
351103,39684.0
351104,113678.0
351105,116718.0
351106,470.0
351107,33103.0
351108,25325.0
351109,692.0
351110,7132.0
351111,1996.0
351112,27147.0
351113,1819.0
351114,6668.0
351115,18993.0
351116,77738.0
351117,67953.0
351118,3590.0
351119,7209.0
351120,4619.0
351121,1086.0
351122,13023.0
351123,1304.0
351124,177.0
351125,2366.0
351126,998.0
351127,4620.0
351128,1803.0
351129,33289.0
351130,72776.0
351131,269406.0
351132,25731.0
351133,8099.0
351134,7977.0
351135,32.0
351136,14340.0
351137,37.0
351138,80.0
351139,798511.0
351140,124024.0
351141,1932.0
351142,319440.0
351143,6470.0
351144,11620.0
351145,5528.0
351146,225.0
351147,14345.0
351148,1271.0
351149,563.0
351150,6085.0
351151,41681.0
351152,2366.0
351153,35307.0
351154,257.0
351155,1561.0
351156,48124.0
351157,4427.0
351158,81095.0
351159,45080.0
351160,37802.0
351161,22836.0
351162,386.0
351163,4892.0
351164,3851.0
351165,14985.0
351166,1381.0
351167,12794.0
351168,20393.0
351169,47720.0
351170,29595.0
351171,6580.0
351172,177.0
351173,28923.0
351174,11664.0
351175,1948.0
351176,26956.0
351177,28831.0
351178,35215.0
351179,4701.0
351180,418.0
351181,684.0
351182,354.0
351183,4741.0
351184,12054.0
351185,257.0
351186,1833.0
351187,3920.0
351188,1465.0
351189,1320.0
351190,19669.0
351191,125278.0
351192,4974.0
351193,282891.0
351194,82712.0
351195,9038.0
351196,51326.0
351197,264.0
351198,39681.0
351199,679986.0
351200,7534.0
351201,199076.0
351202,133552.0
351203,181527.0
351204,304665.0
351205,41855.0
351206,29168.0
351207,437.0
351208,2880.0
351209,48.0
351210,4477.0
351211,26275.0
351212,1263.0
351213,10497.0
351214,122128.0
351215,28162.0
351216,136695.0
351217,58207.0
351218,27120.0
351219,19247.0
351220,161.0
351221,5103.0
351222,81007.0
351223,205960.0
351224,89744.0
351225,5771.0
351226,9492.0
351227,24888.0
351228,6047.0
351229,33940.0
351230,579.0
351231,23208.0
351232,3574.0
351233,399.0
351234,164.0
351235,45458.0
351236,238115.0
351237,29313.0
351238,700.0
351239,8331.0
351240,241.0
351241,2753.0
351242,37467.0
351243,32711.0
351244,75240.0
351245,104988.0
351246,3139.0
351247,2463.0
351248,3622.0
351249,458.0
351250,539.0
351251,13533.0
351252,4691.0
351253,143555.0
351254,5219.0
351255,378350.0
351256,273.0
351257,542.0
351258,338.0
351259,22354.0
351260,2727.0
351261,273.0
351262,1143.0
351263,305.0
351264,120.0
351265,418.0
351266,1239.0
351267,215493.0
351268,98311.0
351269,10704.0
351270,108002.0
351271,4879.0
351272,3810.0
351273,571.0
351274,9964.0
351275,19344.0
351276,30308.0
351277,60080.0
351278,24781.0
351279,64.0
351280,74229.0
351281,6134.0
351282,5087.0
351283,64.0
351284,305.0
351285,7224.0
351286,128.0
351287,32.0
351288,32890.0
351289,188965.0
351290,83555.0
351291,155442.0
351292,8341.0
351293,619.0
351294,10437.0
351295,148962.0
351296,41278.0
351297,52399.0
351298,149494.0
351299,40.0
351300,16.0
351301,80.0
351302,56.0
351303,2168.0
351304,12952.0
351305,5950.0
351306,6161.0
351307,281.0
351308,829.0
351309,61577.0
351310,16462.0
351311,682.0
351312,679.0
351313,10724.0
351314,88302.0
351315,12537.0
351316,45448.0
351317,28369.0
351318,38403.0
351319,38382.0
351320,1049.0
351321,518.0
351322,33584.0
351323,39684.0
351324,113678.0
351325,116718.0
351326,470.0
351327,33103.0
351328,25325.0
351329,692.0
351330,7132.0
351331,1996.0
351332,27147.0
351333,1819.0
351334,6668.0
351335,18993.0
351336,77738.0
351337,67953.0
351338,3590.0
351339,7209.0
351340,4619.0
351341,1086.0
351342,13023.0
351343,1304.0
351344,177.0
351345,2366.0
351346,998.0
351347,4620.0
351348,1803.0
351349,33289.0
351350,72776.0
351351,269406.0
351352,25731.0
351353,8099.0
351354,7977.0
351355,32.0
351356,14340.0
351357,37.0
351358,80.0
351359,798511.0
351360,124024.0
351361,1932.0
351362,319440.0
351363,6470.0
351364,11620.0
351365,5528.0
351366,225.0
351367,14345.0
351368,1271.0
351369,563.0
351370,6085.0
351371,41681.0
351372,2366.0
351373,35307.0
351374,257.0
351375,1561.0
351376,48124.0
351377,4427.0
351378,81095.0
351379,45080.0
351380,37802.0
351381,22836.0
351382,386.0
351383,4892.0
351384,3851.0
351385,14985.0
351386,1381.0
351387,12794.0
351388,20393.0
351389,47720.0
351390,29595.0
351391,6580.0
351392,177.0
351393,28923.0
351394,11664.0
351395,1948.0
351396,26956.0
351397,28831.0
351398,35215.0
351399,4701.0
351400,418.0
351401,684.0
351402,354.0
351403,4741.0
351404,12054.0
351405,257.0
351406,1833.0
351407,3920.0
351408,1465.0
351409,1320.0
351410,19669.0
351411,125278.0
351412,4974.0
351413,282891.0
351414,82712.0
351415,9038.0
351416,51326.0
351417,264.0
351418,39681.0
351419,679986.0
351420,7534.0
351421,199076.0
351422,133552.0
351423,181527.0
351424,304665.0
351425,41855.0
351426,29168.0
351427,437.0
351428,2880.0
351429,48.0
351430,4477.0
351431,26275.0
351432,1263.0
351433,10497.0
351434,122128.0
351435,28162.0
351436,136695.0
351437,58207.0
351438,27120.0
351439,19247.0
351440,161.0
351441,5103.0
351442,81007.0
351443,205960.0
351444,89744.0
351445,5771.0
351446,9492.0
351447,24888.0
351448,6047.0
351449,33940.0
351450,579.0
351451,23208.0
351452,3574.0
351453,399.0
351454,164.0
351455,45458.0
351456,238115.0
351457,29313.0
351458,700.0
351459,8331.0
351460,241.0
351461,2753.0
351462,37467.0
351463,32711.0
351464,75240.0
351465,104988.0
351466,3139.0
351467,2463.0
351468,3622.0
351469,458.0
351470,539.0
351471,13533.0
351472,4691.0
351473,143555.0
351474,5219.0
351475,378350.0
351476,273.0
351477,542.0
351478,338.0
351479,22354.0
351480,2727.0
351481,273.0
351482,1143.0
351483,305.0
351484,120.0
351485,418.0
351486,1239.0
351487,215493.0
351488,98311.0
351489,10704.0
351490,108002.0
351491,4879.0
351492,3810.0
351493,571.0
351494,9964.0
351495,19344.0
351496,30308.0
351497,60080.0
351498,24781.0
351499,64.0
351500,74229.0
351501,6134.0
351502,5087.0
351503,64.0
351504,305.0
351505,7224.0
351506,128.0
351507,32.0
351508,32890.0
351509,188965.0
351510,83555.0
351511,155442.0
351512,8341.0
351513,619.0
351514,10437.0
351515,148962.0
351516,41278.0
351517,52399.0
351518,149494.0
351519,40.0
351520,16.0
351521,80.0
351522,56.0
351523,2168.0
351524,12952.0
351525,5950.0
351526,6161.0
351527,281.0
351528,829.0
