Num,y
348622,1480.9635912252597
348623,27241.65528074006
348624,299651.71532984945
348625,28998.745490866488
348626,0.0
348627,147205.77164458003
348628,68446.12613872995
348629,111795.30219698476
348630,102204.00987274796
348631,2979.6606240779547
348632,1449.592357619551
348633,55034.74058290694
348634,288074.80285185657
348635,21219.961740880775
348636,1886.4832902538021
348637,179550.93381217148
348638,121843.24116723283
348639,500953.99065321696
348640,501539.17402392975
348641,2308.7799767976644
348642,114477.51492055968
348643,84652.08585703882
348644,1243.1201802070486
348645,24427.446054788816
348646,10698.788820726266
348647,151867.93255781799
348648,7615.004829648244
348649,19079.765778999354
348650,6348.37179900712
348651,23656.61888982229
348652,16706.7602722518
348653,281192.73719555367
348654,8296.08044135624
348655,23296.65662183794
348656,10516.352559258203
348657,2606.477221753499
348658,44575.16488026447
348659,2027.7557237530336
348660,186.50162996791778
348661,16403.47774362587
348662,7335.384950876886
348663,17891.782117921262
348664,1245610.7772219274
348665,79171.98003841563
348666,342342.0923047315
348667,917090.6454031123
348668,100456.74588471506
348669,27419.039214619595
348670,25609.08970532058
348671,0.0
348672,47450.46961570384
348673,76.26680254075404
348674,229.2742318334491
348675,2763493.9553806614
348676,384883.3962179303
348677,5969.7681743298745
348678,46811.087922011015
348679,344880.6026539365
348680,15083.761820065589
348681,754.0250121326362
348682,38262.423271885295
348683,2090.4753613667062
348684,1650.202696146866
348685,20988.810320416495
348686,191496.51302771474
348687,6427.791789012077
348688,150794.92909819327
348689,42199.12739131925
348690,7469.310754190201
348691,196039.18588712355
348692,14335.564805749375
348693,188434.11593082675
348694,136432.579337943
348695,119639.01512747243
348696,132849.28556131234
348697,97169.3778812407
348698,1233.409096906049
348699,15659.825294769842
348700,11803.25565624843
348701,87236.6518161664
348702,9280.629093253609
348703,57305.99551964404
348704,71704.12872293728
348705,151047.1711326733
348706,117925.47073798973
348707,28087.003398361976
348708,8359.810595394234
348709,61439.04766719001
348710,93581.41967116915
348711,37584.990640687174
348712,5618.936194715755
348713,94533.10877836884
348714,101972.07412636459
348715,186380.70305993618
348716,10543.16725556536
348717,206.14328883382336
348718,4057.3372866751088
348719,6706.576074254564
348720,13910.743277784255
348721,106490.24342037394
348722,3140.947116399773
348723,449.7152201598798
348724,19286.69734424395
348725,6457.371258139472
348726,4662.182755618325
348727,80130.46157861238
348728,305715.8691873632
348729,33397.326805332275
348730,1272052.1871635702
348731,336910.06248719076
348732,33630.01678667975
348733,163365.33564834704
348734,878.9302945165614
348735,2499412.134258708
348736,41243.234394854546
348737,21481.464364419895
348738,704320.3512470442
348739,563815.9141443442
348740,600280.8356778747
348741,1049421.2316568762
348742,113455.72278669762
348743,115499.04577957379
348744,2296.481944106163
348745,6162.000313241488
348746,0.0
348747,13809.848551673014
348748,93828.19572546572
348749,4978.40599927582
348750,28829.466564230537
348751,431882.99245448085
348752,105382.00001368258
348753,568837.7542997977
348754,265567.231661723
348755,93329.69401730492
348756,63018.45732840899
348757,567.2061579708961
348758,14342.665176835297
348759,261287.73185060744
348760,716794.6431097079
348761,316782.7401069305
348762,14853.171521580516
348763,25667.421100821746
348764,131.11362922379868
348765,8425.596208499966
348766,131524.16182281205
348767,1278.9867212688882
348768,138.86524396186354
348769,76267.93304921515
348770,11918.18516145886
348771,3838.469012601212
348772,1304.744917598247
348773,165860.12076229524
348774,874628.0470923737
348775,4193.374261236922
348776,29133.829367820006
348777,186.87173461688172
348778,15275.714341615872
348779,92370.33577407856
348780,182800.3012024032
348781,122087.84511839674
348782,284492.7691935192
348783,395906.0703137497
348784,13606.573531932934
348785,6592.059774433021
348786,20236.93594589491
348787,1969.4066802158104
348788,3845.0506690615066
348789,65844.12099438556
348790,13482.081385582522
348791,658285.4481318841
348792,459925.6737301672
348793,210.73009526726287
348794,267.73416841267374
348795,28.019265900219864
348796,1045.915330748103
348797,998.7313552693453
348798,89026.17045896756
348799,11013.081927993717
348800,1199.7706234629675
348801,4002.804116191924
348802,1659.739479526499
348803,515.2339215109628
348804,1581.9223065953256
348805,2399.7126484692903
348806,822656.2545007922
348807,28063.57410874367
348808,1205911.699330255
348809,357800.00740514015
348810,27764.149215885525
348811,12840.776846345168
348812,1695.8253363024178
348813,24176.10378953417
348814,48479.218829977006
348815,85751.94096484705
348816,206570.76536455035
348817,78617.41986541334
348818,374.2712232325557
348819,302137.00964878395
348820,14762.812780312572
348821,228.14623747606947
348822,0.0
348823,19068.423501694233
348824,0.0
348825,0.0
348826,445.48386163322846
348827,50.0449764796564
348828,119090.21395753726
348829,742058.294596794
348830,282791.28898554965
348831,585743.5470686208
348832,26277.9607427253
348833,1231.0005189278636
348834,30978.11529551353
348835,132708.48777842402
348836,519804.88986484567
348837,69.90743532482804
348838,212.0851989601947
348839,200.9958438281334
348840,5269.350524093982
348841,51145.54418421201
348842,17548.151240455663
348843,304.2463408013016
348844,6282.689234488353
348845,187317.87845793978
348846,494563.7711037304
348847,19607.35258518147
349519,1480.9635912252597
349520,27241.65528074006
349521,299651.71532984945
349522,28998.745490866488
349523,0.0
349524,147205.77164458003
349525,68446.12613872995
349526,111795.30219698476
349527,102204.00987274796
349528,2979.6606240779547
349529,1449.592357619551
349530,55034.74058290694
349531,288074.80285185657
349532,21219.961740880775
349533,1886.4832902538021
349534,179550.93381217148
349535,121843.24116723283
349536,500953.99065321696
349537,501539.17402392975
349538,2308.7799767976644
349539,114477.51492055968
349540,84652.08585703882
349541,1243.1201802070486
349542,24427.446054788816
349543,10698.788820726266
349544,151867.93255781799
349545,7615.004829648244
349546,19079.765778999354
349547,6348.37179900712
349548,23656.61888982229
349549,16706.7602722518
349550,281192.73719555367
349551,8296.08044135624
349552,23296.65662183794
349553,10516.352559258203
349554,2606.477221753499
349555,44575.16488026447
349556,2027.7557237530336
349557,186.50162996791778
349558,16403.47774362587
349559,7335.384950876886
349560,17891.782117921262
349561,1245610.7772219274
349562,79171.98003841563
349563,342342.0923047315
349564,917090.6454031123
349565,100456.74588471506
349566,27419.039214619595
349567,25609.08970532058
349568,0.0
349569,47450.46961570384
349570,76.26680254075404
349571,229.2742318334491
349572,2763493.9553806614
349573,384883.3962179303
349574,5969.7681743298745
349575,46811.087922011015
349576,344880.6026539365
349577,15083.761820065589
349578,754.0250121326362
349579,38262.423271885295
349580,2090.4753613667062
349581,1650.202696146866
349582,20988.810320416495
349583,191496.51302771474
349584,6427.791789012077
349585,150794.92909819327
349586,42199.12739131925
349587,7469.310754190201
349588,196039.18588712355
349589,14335.564805749375
349590,188434.11593082675
349591,136432.579337943
349592,119639.01512747243
349593,132849.28556131234
349594,97169.3778812407
349595,1233.409096906049
349596,15659.825294769842
349597,11803.25565624843
349598,87236.6518161664
349599,9280.629093253609
349600,57305.99551964404
349601,71704.12872293728
349602,151047.1711326733
349603,117925.47073798973
349604,28087.003398361976
349605,8359.810595394234
349606,61439.04766719001
349607,93581.41967116915
349608,37584.990640687174
349609,5618.936194715755
349610,94533.10877836884
349611,101972.07412636459
349612,186380.70305993618
349613,10543.16725556536
349614,206.14328883382336
349615,4057.3372866751088
349616,6706.576074254564
349617,13910.743277784255
349618,106490.24342037394
349619,3140.947116399773
349620,449.7152201598798
349621,19286.69734424395
349622,6457.371258139472
349623,4662.182755618325
349624,80130.46157861238
349625,305715.8691873632
349626,33397.326805332275
349627,1272052.1871635702
349628,336910.06248719076
349629,33630.01678667975
349630,163365.33564834704
349631,878.9302945165614
349632,2499412.134258708
349633,41243.234394854546
349634,21481.464364419895
349635,704320.3512470442
349636,563815.9141443442
349637,600280.8356778747
349638,1049421.2316568762
349639,113455.72278669762
349640,115499.04577957379
349641,2296.481944106163
349642,6162.000313241488
349643,0.0
349644,13809.848551673014
349645,93828.19572546572
349646,4978.40599927582
349647,28829.466564230537
349648,431882.99245448085
349649,105382.00001368258
349650,568837.7542997977
349651,265567.231661723
349652,93329.69401730492
349653,63018.45732840899
349654,567.2061579708961
349655,14342.665176835297
349656,261287.73185060744
349657,716794.6431097079
349658,316782.7401069305
349659,14853.171521580516
349660,25667.421100821746
349661,131.11362922379868
349662,8425.596208499966
349663,131524.16182281205
349664,1278.9867212688882
349665,138.86524396186354
349666,76267.93304921515
349667,11918.18516145886
349668,3838.469012601212
349669,1304.744917598247
349670,165860.12076229524
349671,874628.0470923737
349672,4193.374261236922
349673,29133.829367820006
349674,186.87173461688172
349675,15275.714341615872
349676,92370.33577407856
349677,182800.3012024032
349678,122087.84511839674
349679,284492.7691935192
349680,395906.0703137497
349681,13606.573531932934
349682,6592.059774433021
349683,20236.93594589491
349684,1969.4066802158104
349685,3845.0506690615066
349686,65844.12099438556
349687,13482.081385582522
349688,658285.4481318841
349689,459925.6737301672
349690,210.73009526726287
349691,267.73416841267374
349692,28.019265900219864
349693,1045.915330748103
349694,998.7313552693453
349695,89026.17045896756
349696,11013.081927993717
349697,1199.7706234629675
349698,4002.804116191924
349699,1659.739479526499
349700,515.2339215109628
349701,1581.9223065953256
349702,2399.7126484692903
349703,822656.2545007922
349704,28063.57410874367
349705,1205911.699330255
349706,357800.00740514015
349707,27764.149215885525
349708,12840.776846345168
349709,1695.8253363024178
349710,24176.10378953417
349711,48479.218829977006
349712,85751.94096484705
349713,206570.76536455035
349714,78617.41986541334
349715,374.2712232325557
349716,302137.00964878395
349717,14762.812780312572
349718,228.14623747606947
349719,0.0
349720,19068.423501694233
349721,0.0
349722,0.0
349723,445.48386163322846
349724,50.0449764796564
349725,119090.21395753726
349726,742058.294596794
349727,282791.28898554965
349728,585743.5470686208
349729,26277.9607427253
349730,1231.0005189278636
349731,30978.11529551353
349732,132708.48777842402
349733,519804.88986484567
349734,69.90743532482804
349735,212.0851989601947
349736,200.9958438281334
349737,5269.350524093982
349738,51145.54418421201
349739,17548.151240455663
349740,304.2463408013016
349741,6282.689234488353
349742,187317.87845793978
349743,494563.7711037304
349744,19607.35258518147
349745,34041.15957867149
349746,401613.63971663197
349747,36904.89254429934
349748,0.0
349749,174844.96278883307
349750,85074.89844149635
349751,222209.230412833
349752,228518.98469414108
349753,2542.8694741063227
349754,1818.73496332393
349755,62035.09146079418
349756,364166.36473086494
349757,26402.991462612583
349758,1434109.380879195
349759,1772.1947567305679
349760,1879.3713386086781
349761,244313.04224315376
349762,138458.760930532
349763,584721.3483227611
349764,641141.0937542164
349765,2220.799014751819
349766,126426.70287731776
349767,112747.37416569203
349768,1257.2161251261375
349769,44940.69823350991
349770,11927.580366748794
349771,178764.65043441672
349772,12503.50931685474
349773,36646.36915683659
349774,18682.941273216038
349775,25826.24695899037
349776,23083.309838721063
349777,340277.661223426
349778,9006.099708503145
349779,29416.087628116613
349780,14107.079572165117
349781,1966.06011349467
349782,55209.01076047081
349783,876.213359467094
349784,27.345220675863857
349785,15164.39630855943
349786,4861.515928204375
349787,7605.8208161016555
349788,4962.828605086996
349789,94577.88398356055
349790,373952.3167392878
349791,1328952.432676618
349792,98244.11270312559
349793,44420.85681771757
349794,28488.738378285598
349795,0.0
349796,62063.75073853007
349797,158.62237392240746
349798,127.44072613992194
349799,3630050.7290480775
349800,479326.8754222042
349801,26403.089110016812
349802,241044.48245778555
349803,447625.5277181913
349804,20196.823624405766
349805,957.0177083716362
349806,44232.91707540319
349807,4607.813989475633
349808,2201.337455796811
349809,22195.41822791127
349810,224238.65155916248
349811,6404.511657865194
349812,190140.8488815067
349813,74104.96079528815
349814,9922.826160758023
349815,216154.98064175303
349816,1656.9185880482569
349817,80330.66129545766
349818,176695.36880301932
349819,161992.2119545826
349820,183576.26653032895
349821,2276.4765401847653
349822,20266.078400144495
349823,15208.245963197223
349824,146739.95314232647
349825,6578.755018346656
349826,90811.13073135904
349827,192699.9215455557
349828,141927.39722530218
349829,64791.159065060565
349830,18426.711379177174
349831,124182.06572300583
349832,9766.70363542058
349833,66828.32432197852
349834,141597.35716315272
349835,66297.8229909974
349836,5830.125002228217
349837,128262.22001973409
349838,145326.1647436244
349839,216697.3663489926
349840,14592.355105943781
349841,102.47876699794004
349842,4244.990645478819
349843,8818.946771599325
349844,19229.524177059262
349845,49934.6502727942
349846,3491.3883954618905
349847,393.3320050083013
349848,20643.113878295564
349849,7915.8174218859385
349850,5663.7671231485565
349851,103293.98693335612
349852,347220.0347613923
349853,39257.81660580071
349854,1562230.9605396963
349855,446462.9489495843
349856,58754.82070817346
349857,201038.7070993943
349858,3092875.5830697967
349859,101707.50338213421
349860,70112.4912522857
349861,916366.6752304791
349862,677475.0706731016
349863,725788.448201261
349864,1377111.0070399474
349865,161056.90724650878
349866,150240.30300683543
349867,2462.9838206089134
349868,5261.664274274874
349869,4.171859531316841
349870,13307.0143052188
349871,106533.02161409544
349872,3759.250875810929
349873,34129.381898167114
349874,517575.09008407727
349875,152334.37600659364
349876,746557.8728257759
349877,352125.527557876
349878,117441.29984832242
349879,76471.25876408571
349880,929.1676674539312
349881,20956.00865556376
349882,315090.15971122624
349883,770752.2602724122
349884,335693.2256296939
349885,21689.87440794739
349886,37672.12202386218
349887,137.43829285335295
349888,23229.920383414305
349889,3531.121227364515
349890,104063.19204355776
349891,162518.57711739515
349892,14800.022171022763
349893,3539.039909156598
349894,823.6308971104553
349895,189941.47295991992
349896,1031342.7424429056
349897,105523.4551282867
349898,3677.798269662537
349899,30290.388260829426
349900,165.63359510634493
349901,81.62957170578531
349902,116693.53065973129
349903,211227.13070492327
349904,146302.5796869871
349905,343334.1558308415
349906,447806.1253465759
349907,15189.81651925081
349908,10932.153533815366
349909,18828.554263685968
349910,1667.1080619171416
349911,1801.941369568298
349912,85248.71903783322
349913,22768.455505292215
349914,774355.4485034412
349915,3480.5023913081063
349916,375.2867278934416
349917,298.2586347912252
349918,26.21391502650181
349919,14.51861836962565
349920,1894.363757091244
349921,1411.5139376403101
349922,102085.8470330004
349923,11851.866526114174
349924,1236.1961869891302
349925,4818.003846253011
349926,1488.565978012212
349927,1825.0097408547647
349928,2692.071159665599
349929,31106.91442237963
349930,1028830.907814913
349931,567927.4444772998
349932,1890733.2050905812
349933,703906.1808468403
349934,34162.54505288058
349935,26020.827348251973
349936,1058.5897737933537
349937,43879.61884872833
349938,93114.49643030037
349939,157640.27340497874
349940,267912.88154001365
349941,87907.60106398338
349942,378616.0972127817
349943,378.1119779600523
349944,23318.313840949737
349945,22091.151471480793
349946,0.987750947186214
349947,0.0
349948,609.8606366901693
349949,128.07849806993613
349950,143412.46568298718
349951,907557.7276545336
349952,399727.94460025686
349953,767597.3488697472
349954,31893.954002994597
349955,1017.1009434255702
349956,37295.56327783545
349957,157444.71598443115
349958,174.5960753046288
349959,59.57049431047017
349960,147.40620902400372
349961,253.66812256537594
349962,8306.408042378276
349963,75831.12096714452
349964,25144.131390153998
349965,694338.4487076984
349966,642653.2368298739
349967,261083.81908706244
349968,32031.1183036066
349969,316.0311917058074
349970,7202.617668788839
350191,1480.9635912252597
350192,27241.65528074006
350193,299651.71532984945
350194,28998.745490866488
350195,0.0
350196,147205.77164458003
350197,68446.12613872995
350198,111795.30219698476
350199,102204.00987274796
350200,2979.6606240779547
350201,1449.592357619551
350202,55034.74058290694
350203,288074.80285185657
350204,21219.961740880775
350205,1886.4832902538021
350206,179550.93381217148
350207,121843.24116723283
350208,500953.99065321696
350209,501539.17402392975
350210,2308.7799767976644
350211,114477.51492055968
350212,84652.08585703882
350213,1243.1201802070486
350214,24427.446054788816
350215,10698.788820726266
350216,151867.93255781799
350217,7615.004829648244
350218,19079.765778999354
350219,6348.37179900712
350220,23656.61888982229
350221,16706.7602722518
350222,281192.73719555367
350223,8296.08044135624
350224,23296.65662183794
350225,10516.352559258203
350226,2606.477221753499
350227,44575.16488026447
350228,2027.7557237530336
350229,186.50162996791778
350230,16403.47774362587
350231,7335.384950876886
350232,17891.782117921262
350233,1245610.7772219274
350234,79171.98003841563
350235,342342.0923047315
350236,917090.6454031123
350237,100456.74588471506
350238,27419.039214619595
350239,25609.08970532058
350240,0.0
350241,47450.46961570384
350242,76.26680254075404
350243,229.2742318334491
350244,2763493.9553806614
350245,384883.3962179303
350246,5969.7681743298745
350247,46811.087922011015
350248,344880.6026539365
350249,15083.761820065589
350250,754.0250121326362
350251,38262.423271885295
350252,2090.4753613667062
350253,1650.202696146866
350254,20988.810320416495
350255,191496.51302771474
350256,6427.791789012077
350257,150794.92909819327
350258,42199.12739131925
350259,7469.310754190201
350260,196039.18588712355
350261,14335.564805749375
350262,188434.11593082675
350263,136432.579337943
350264,119639.01512747243
350265,132849.28556131234
350266,97169.3778812407
350267,1233.409096906049
350268,15659.825294769842
350269,11803.25565624843
350270,87236.6518161664
350271,9280.629093253609
350272,57305.99551964404
350273,71704.12872293728
350274,151047.1711326733
350275,117925.47073798973
350276,28087.003398361976
350277,8359.810595394234
350278,61439.04766719001
350279,93581.41967116915
350280,37584.990640687174
350281,5618.936194715755
350282,94533.10877836884
350283,101972.07412636459
350284,186380.70305993618
350285,10543.16725556536
350286,206.14328883382336
350287,4057.3372866751088
350288,6706.576074254564
350289,13910.743277784255
350290,106490.24342037394
350291,3140.947116399773
350292,449.7152201598798
350293,19286.69734424395
350294,6457.371258139472
350295,4662.182755618325
350296,80130.46157861238
350297,305715.8691873632
350298,33397.326805332275
350299,1272052.1871635702
350300,336910.06248719076
350301,33630.01678667975
350302,163365.33564834704
350303,878.9302945165614
350304,2499412.134258708
350305,41243.234394854546
350306,21481.464364419895
350307,704320.3512470442
350308,563815.9141443442
350309,600280.8356778747
350310,1049421.2316568762
350311,113455.72278669762
350312,115499.04577957379
350313,2296.481944106163
350314,6162.000313241488
350315,0.0
350316,13809.848551673014
350317,93828.19572546572
350318,4978.40599927582
350319,28829.466564230537
350320,431882.99245448085
350321,105382.00001368258
350322,568837.7542997977
350323,265567.231661723
350324,93329.69401730492
350325,63018.45732840899
350326,567.2061579708961
350327,14342.665176835297
350328,261287.73185060744
350329,716794.6431097079
350330,316782.7401069305
350331,14853.171521580516
350332,25667.421100821746
350333,131.11362922379868
350334,8425.596208499966
350335,131524.16182281205
350336,1278.9867212688882
350337,138.86524396186354
350338,76267.93304921515
350339,11918.18516145886
350340,3838.469012601212
350341,1304.744917598247
350342,165860.12076229524
350343,874628.0470923737
350344,4193.374261236922
350345,29133.829367820006
350346,186.87173461688172
350347,15275.714341615872
350348,92370.33577407856
350349,182800.3012024032
350350,122087.84511839674
350351,284492.7691935192
350352,395906.0703137497
350353,13606.573531932934
350354,6592.059774433021
350355,20236.93594589491
350356,1969.4066802158104
350357,3845.0506690615066
350358,65844.12099438556
350359,13482.081385582522
350360,658285.4481318841
350361,459925.6737301672
350362,210.73009526726287
350363,267.73416841267374
350364,28.019265900219864
350365,1045.915330748103
350366,998.7313552693453
350367,89026.17045896756
350368,11013.081927993717
350369,1199.7706234629675
350370,4002.804116191924
350371,1659.739479526499
350372,515.2339215109628
350373,1581.9223065953256
350374,2399.7126484692903
350375,822656.2545007922
350376,28063.57410874367
350377,1205911.699330255
350378,357800.00740514015
350379,27764.149215885525
350380,12840.776846345168
350381,1695.8253363024178
350382,24176.10378953417
350383,48479.218829977006
350384,85751.94096484705
350385,206570.76536455035
350386,78617.41986541334
350387,374.2712232325557
350388,302137.00964878395
350389,14762.812780312572
350390,228.14623747606947
350391,0.0
350392,19068.423501694233
350393,0.0
350394,0.0
350395,445.48386163322846
350396,50.0449764796564
350397,119090.21395753726
350398,742058.294596794
350399,282791.28898554965
350400,585743.5470686208
350401,26277.9607427253
350402,1231.0005189278636
350403,30978.11529551353
350404,132708.48777842402
350405,519804.88986484567
350406,69.90743532482804
350407,212.0851989601947
350408,200.9958438281334
350409,5269.350524093982
350410,51145.54418421201
350411,17548.151240455663
350412,304.2463408013016
350413,6282.689234488353
350414,187317.87845793978
350415,494563.7711037304
350416,19607.35258518147
350417,34041.15957867149
350418,401613.63971663197
350419,36904.89254429934
350420,0.0
350421,174844.96278883307
350422,85074.89844149635
350423,222209.230412833
350424,228518.98469414108
350425,2542.8694741063227
350426,1818.73496332393
350427,62035.09146079418
350428,364166.36473086494
350429,26402.991462612583
350430,1434109.380879195
350431,1772.1947567305679
350432,1879.3713386086781
350433,244313.04224315376
350434,138458.760930532
350435,584721.3483227611
350436,641141.0937542164
350437,2220.799014751819
350438,126426.70287731776
350439,112747.37416569203
350440,1257.2161251261375
350441,44940.69823350991
350442,11927.580366748794
350443,178764.65043441672
350444,12503.50931685474
350445,36646.36915683659
350446,18682.941273216038
350447,25826.24695899037
350448,23083.309838721063
350449,340277.661223426
350450,9006.099708503145
350451,29416.087628116613
350452,14107.079572165117
350453,1966.06011349467
350454,55209.01076047081
350455,876.213359467094
350456,27.345220675863857
350457,15164.39630855943
350458,4861.515928204375
350459,7605.8208161016555
350460,4962.828605086996
350461,94577.88398356055
350462,373952.3167392878
350463,1328952.432676618
350464,98244.11270312559
350465,44420.85681771757
350466,28488.738378285598
350467,0.0
350468,62063.75073853007
350469,158.62237392240746
350470,127.44072613992194
350471,3630050.7290480775
350472,479326.8754222042
350473,26403.089110016812
350474,241044.48245778555
350475,447625.5277181913
350476,20196.823624405766
350477,957.0177083716362
350478,44232.91707540319
350479,4607.813989475633
350480,2201.337455796811
350481,22195.41822791127
350482,224238.65155916248
350483,6404.511657865194
350484,190140.8488815067
350485,74104.96079528815
350486,9922.826160758023
350487,216154.98064175303
350488,1656.9185880482569
350489,80330.66129545766
350490,176695.36880301932
350491,161992.2119545826
350492,183576.26653032895
350493,2276.4765401847653
350494,20266.078400144495
350495,15208.245963197223
350496,146739.95314232647
350497,6578.755018346656
350498,90811.13073135904
350499,192699.9215455557
350500,141927.39722530218
350501,64791.159065060565
350502,18426.711379177174
350503,124182.06572300583
350504,9766.70363542058
350505,66828.32432197852
350506,141597.35716315272
350507,66297.8229909974
350508,5830.125002228217
350509,128262.22001973409
350510,145326.1647436244
350511,216697.3663489926
350512,14592.355105943781
350513,102.47876699794004
350514,4244.990645478819
350515,8818.946771599325
350516,19229.524177059262
350517,49934.6502727942
350518,3491.3883954618905
350519,393.3320050083013
350520,20643.113878295564
350521,7915.8174218859385
350522,5663.7671231485565
350523,103293.98693335612
350524,347220.0347613923
350525,39257.81660580071
350526,1562230.9605396963
350527,446462.9489495843
350528,58754.82070817346
350529,201038.7070993943
350530,3092875.5830697967
350531,101707.50338213421
350532,70112.4912522857
350533,916366.6752304791
350534,677475.0706731016
350535,725788.448201261
350536,1377111.0070399474
350537,161056.90724650878
350538,150240.30300683543
350539,2462.9838206089134
350540,5261.664274274874
350541,4.171859531316841
350542,13307.0143052188
350543,106533.02161409544
350544,3759.250875810929
350545,34129.381898167114
350546,517575.09008407727
350547,152334.37600659364
350548,746557.8728257759
350549,352125.527557876
350550,117441.29984832242
350551,76471.25876408571
350552,929.1676674539312
350553,20956.00865556376
350554,315090.15971122624
350555,770752.2602724122
350556,335693.2256296939
350557,21689.87440794739
350558,37672.12202386218
350559,137.43829285335295
350560,23229.920383414305
350561,3531.121227364515
350562,104063.19204355776
350563,162518.57711739515
350564,14800.022171022763
350565,3539.039909156598
350566,823.6308971104553
350567,189941.47295991992
350568,1031342.7424429056
350569,105523.4551282867
350570,3677.798269662537
350571,30290.388260829426
350572,165.63359510634493
350573,81.62957170578531
350574,116693.53065973129
350575,211227.13070492327
350576,146302.5796869871
350577,343334.1558308415
350578,447806.1253465759
350579,15189.81651925081
350580,10932.153533815366
350581,18828.554263685968
350582,1667.1080619171416
350583,1801.941369568298
350584,85248.71903783322
350585,22768.455505292215
350586,774355.4485034412
350587,3480.5023913081063
350588,375.2867278934416
350589,298.2586347912252
350590,26.21391502650181
350591,14.51861836962565
350592,1894.363757091244
350593,1411.5139376403101
350594,102085.8470330004
350595,11851.866526114174
350596,1236.1961869891302
350597,4818.003846253011
350598,1488.565978012212
350599,1825.0097408547647
350600,2692.071159665599
350601,31106.91442237963
350602,1028830.907814913
350603,567927.4444772998
350604,1890733.2050905812
350605,703906.1808468403
350606,34162.54505288058
350607,26020.827348251973
350608,1058.5897737933537
350609,43879.61884872833
350610,93114.49643030037
350611,157640.27340497874
350612,267912.88154001365
350613,87907.60106398338
350614,378616.0972127817
350615,378.1119779600523
350616,23318.313840949737
350617,22091.151471480793
350618,0.987750947186214
350619,0.0
350620,609.8606366901693
350621,128.07849806993613
350622,143412.46568298718
350623,907557.7276545336
350624,399727.94460025686
350625,767597.3488697472
350626,31893.954002994597
350627,1017.1009434255702
350628,37295.56327783545
350629,157444.71598443115
350630,174.5960753046288
350631,59.57049431047017
350632,147.40620902400372
350633,253.66812256537594
350634,8306.408042378276
350635,75831.12096714452
350636,25144.131390153998
350637,694338.4487076984
350638,642653.2368298739
350639,261083.81908706244
350640,32031.1183036066
350641,316.0311917058074
350642,7202.617668788839
350643,211931.98802766262
350644,58534.91602185056
350645,1882.9273144312401
350646,1626.5791739779138
350647,30641.407429705774
350648,350632.6775232407
350649,32951.819017582915
350650,161025.36721670657
350651,76760.51229011314
350652,167002.2663049089
350653,165361.4972834445
350654,2761.2650490921387
350655,1634.1636604717405
350656,115336.15457168988
350657,130151.00104888242
350658,542837.669487989
350659,571340.133889073
350660,2264.7894957747417
350661,120452.10889893872
350662,98699.73001136543
350663,1250.168152666593
350664,34684.072144149366
350665,11313.18459373753
350666,165316.29149611737
350667,10059.25707325149
350668,19154.644978029308
350669,64133.685994584266
350670,358147.20452200965
350671,310735.19920948986
350672,8651.090074929692
350673,26356.37212497728
350674,12311.71606571166
350675,2286.2686676240846
350676,49892.08782036764
350677,1451.9845416100638
350678,106.92342532189082
350679,15783.93702609265
350680,6098.450439540631
350681,27269.075637378926
350682,5655.600202047058
350683,86874.9320109881
350684,326120.5837913607
350685,1123021.5390398651
350686,99350.42929392032
350687,35919.94801616858
350688,27048.914041803087
350689,0.0
350690,54757.110177116956
350691,117.44458823158075
350692,178.35747898668552
350693,3196772.342214369
350694,432105.13582006725
350695,6787.794495215765
350696,1339860.0790505612
350697,23811.47660174668
350698,63570.87460873433
350699,17640.292722235678
350700,855.5213602521362
350701,41247.67017364424
350702,3349.1446754211697
350703,1925.7700759718384
350704,21592.114274163883
350705,207867.5822934386
350706,6416.151723438636
350707,170467.88898985
350708,58152.0440933037
350709,8696.068457474112
350710,206097.0832644383
350711,20369.326957883095
350712,396253.0651860639
350713,156563.97407048114
350714,140815.61354102753
350715,158212.77604582065
350716,1754.9428185454071
350717,17962.951847457167
350718,13505.750809722827
350719,116988.30247924643
350720,7929.692055800132
350721,61048.5772923523
350722,81257.62972714816
350723,171873.5463391145
350724,129926.43398164595
350725,24741.43292440633
350726,421.52361258409053
350727,117589.38841716092
350728,51941.40681584229
350729,5724.530598471986
350730,111397.66439905146
350731,123649.1194349945
350732,201539.03470446437
350733,12567.76118075457
350734,154.3110279158817
350735,4151.163966076963
350736,7762.761422926945
350737,16168.727328480714
350738,39010.82683557809
350739,3316.167755930832
350740,9063.257115407407
350741,19964.905611269758
350742,7186.594340012705
350743,5162.974939383441
350744,91712.22425598424
350745,326467.95197437773
350746,36327.57170556649
350747,1417141.5738516334
350748,391686.50571838755
350749,46192.41874742661
350750,182202.02137387067
350751,1267.9244412824091
350752,214739.29919430614
350753,2796143.8586642523
350754,45796.9778083528
350755,810343.5132387616
350756,620645.4924087229
350757,663034.6419395679
350758,1213266.119348412
350759,137256.3150166032
350760,132869.67439320462
350761,2379.732882357538
350762,5711.832293758181
350763,0.0
350764,13558.431428445907
350765,100180.60866978057
350766,4368.828437543374
350767,71475.36888849438
350768,474729.0412692791
350769,128858.18801013811
350770,657697.8135627868
350771,308846.3796097995
350772,105385.49693281366
350773,69744.85804624735
350774,748.1869127124137
350775,17649.33691619953
350776,288188.94578091684
350777,743773.4516910601
350778,326237.98286831216
350779,18271.522964763953
350780,31669.771562341964
350781,104531.93321690493
350782,19895.03505548643
350783,147021.3694701036
350784,2405.053974316702
350785,90165.56254638646
350786,13359.103666240811
350787,3688.754460878905
350788,1064.1879073543512
350789,177900.79686110758
350790,952985.3947676397
350791,101346.4165047637
350792,3935.5862654497296
350793,29712.108814324718
350794,134.27596103857582
350795,13554.268740858002
350796,197013.71595366322
350797,134195.21240269192
350798,313913.4625121803
350799,421856.09783016285
350800,14398.195025591871
350801,8762.106654124193
350802,19532.74510479044
350803,1818.257371066476
350804,2823.4960193149022
350805,75546.42001610939
350806,18125.268445437367
350807,716320.4483176626
350808,31479.424231198827
350809,1548322.452210418
350810,282.99640160194946
350811,1470.1395439196735
350812,1205.1226464548276
350813,95556.00874598399
350814,11432.474227053946
350815,1217.983405226049
350816,4410.403981222467
350817,1574.1527287693557
350818,1170.1218311828638
350819,2136.9967331304624
350820,2940.1075198886983
350821,925743.5811578527
350822,513926.5591037335
350823,29585.244265561647
350824,530853.0941259902
350825,30963.347134383053
350826,19430.80209729857
350827,1377.2075550478858
350828,34027.86131913125
350829,70796.8576301387
350830,121696.1071849129
350831,237241.823452282
350832,83262.51046469837
350833,16.01000267949803
350834,340376.55343078286
350835,19252.81736251509
350836,19040.563310631154
350837,56.22812720672073
350838,293.00841158035223
350839,20579.787486587513
350840,527.6722491616988
350841,89.06173727479626
350842,131251.33982026222
350843,824808.0111256638
350844,341259.6167929033
350845,676670.447969184
350846,29085.95737285995
350847,1124.050731176717
350848,34136.83928667449
350849,607071.669286272
350850,145076.60188142757
350851,224200.8487725011
350852,568608.5039668021
350853,303.1291077180609
350854,64.7389648176491
350855,179.7457039920992
350856,227.33198319675466
350857,6787.879283236129
350858,63488.33257567827
350859,25819.235444394035
350860,21346.14131530483
350861,310.1387662535545
350862,6742.653451638596
350863,34041.15957867149
350864,401613.63971663197
350865,36904.89254429934
350866,0.0
350867,174844.96278883307
350868,85074.89844149635
350869,222209.230412833
350870,228518.98469414108
350871,2542.8694741063227
350872,1818.73496332393
350873,62035.09146079418
350874,364166.36473086494
350875,26402.991462612583
350876,1434109.380879195
350877,1772.1947567305679
350878,1879.3713386086781
350879,244313.04224315376
350880,138458.760930532
350881,584721.3483227611
350882,641141.0937542164
350883,2220.799014751819
350884,126426.70287731776
350885,112747.37416569203
350886,1257.2161251261375
350887,44940.69823350991
350888,11927.580366748794
350889,178764.65043441672
350890,12503.50931685474
350891,36646.36915683659
350892,18682.941273216038
350893,25826.24695899037
350894,23083.309838721063
350895,340277.661223426
350896,9006.099708503145
350897,29416.087628116613
350898,14107.079572165117
350899,1966.06011349467
350900,55209.01076047081
350901,876.213359467094
350902,27.345220675863857
350903,15164.39630855943
350904,4861.515928204375
350905,7605.8208161016555
350906,4962.828605086996
350907,94577.88398356055
350908,373952.3167392878
350909,1328952.432676618
350910,98244.11270312559
350911,44420.85681771757
350912,28488.738378285598
350913,0.0
350914,62063.75073853007
350915,158.62237392240746
350916,127.44072613992194
350917,3630050.7290480775
350918,479326.8754222042
350919,26403.089110016812
350920,241044.48245778555
350921,447625.5277181913
350922,20196.823624405766
350923,957.0177083716362
350924,44232.91707540319
350925,4607.813989475633
350926,2201.337455796811
350927,22195.41822791127
350928,224238.65155916248
350929,6404.511657865194
350930,190140.8488815067
350931,74104.96079528815
350932,9922.826160758023
350933,216154.98064175303
350934,1656.9185880482569
350935,80330.66129545766
350936,176695.36880301932
350937,161992.2119545826
350938,183576.26653032895
350939,2276.4765401847653
350940,20266.078400144495
350941,15208.245963197223
350942,146739.95314232647
350943,6578.755018346656
350944,90811.13073135904
350945,192699.9215455557
350946,141927.39722530218
350947,64791.159065060565
350948,18426.711379177174
350949,124182.06572300583
350950,9766.70363542058
350951,66828.32432197852
350952,141597.35716315272
350953,66297.8229909974
350954,5830.125002228217
350955,128262.22001973409
350956,145326.1647436244
350957,216697.3663489926
350958,14592.355105943781
350959,102.47876699794004
350960,4244.990645478819
350961,8818.946771599325
350962,19229.524177059262
350963,49934.6502727942
350964,3491.3883954618905
350965,393.3320050083013
350966,20643.113878295564
350967,7915.8174218859385
350968,5663.7671231485565
350969,103293.98693335612
350970,347220.0347613923
350971,39257.81660580071
350972,1562230.9605396963
350973,446462.9489495843
350974,58754.82070817346
350975,201038.7070993943
350976,3092875.5830697967
350977,101707.50338213421
350978,70112.4912522857
350979,916366.6752304791
350980,677475.0706731016
350981,725788.448201261
350982,1377111.0070399474
350983,161056.90724650878
350984,150240.30300683543
350985,2462.9838206089134
350986,5261.664274274874
350987,4.171859531316841
350988,13307.0143052188
350989,106533.02161409544
350990,3759.250875810929
350991,34129.381898167114
350992,517575.09008407727
350993,152334.37600659364
350994,746557.8728257759
350995,352125.527557876
350996,117441.29984832242
350997,76471.25876408571
350998,929.1676674539312
350999,20956.00865556376
351000,315090.15971122624
351001,770752.2602724122
351002,335693.2256296939
351003,21689.87440794739
351004,37672.12202386218
351005,137.43829285335295
351006,23229.920383414305
351007,3531.121227364515
351008,104063.19204355776
351009,162518.57711739515
351010,14800.022171022763
351011,3539.039909156598
351012,823.6308971104553
351013,189941.47295991992
351014,1031342.7424429056
351015,105523.4551282867
351016,3677.798269662537
351017,30290.388260829426
351018,165.63359510634493
351019,81.62957170578531
351020,116693.53065973129
351021,211227.13070492327
351022,146302.5796869871
351023,343334.1558308415
351024,447806.1253465759
351025,15189.81651925081
351026,10932.153533815366
351027,18828.554263685968
351028,1667.1080619171416
351029,1801.941369568298
351030,85248.71903783322
351031,22768.455505292215
351032,774355.4485034412
351033,3480.5023913081063
351034,375.2867278934416
351035,298.2586347912252
351036,26.21391502650181
351037,14.51861836962565
351038,1894.363757091244
351039,1411.5139376403101
351040,102085.8470330004
351041,11851.866526114174
351042,1236.1961869891302
351043,4818.003846253011
351044,1488.565978012212
351045,1825.0097408547647
351046,2692.071159665599
351047,31106.91442237963
351048,1028830.907814913
351049,567927.4444772998
351050,1890733.2050905812
351051,703906.1808468403
351052,34162.54505288058
351053,26020.827348251973
351054,1058.5897737933537
351055,43879.61884872833
351056,93114.49643030037
351057,157640.27340497874
351058,267912.88154001365
351059,87907.60106398338
351060,378616.0972127817
351061,378.1119779600523
351062,23318.313840949737
351063,22091.151471480793
351064,0.987750947186214
351065,0.0
351066,609.8606366901693
351067,128.07849806993613
351068,143412.46568298718
351069,907557.7276545336
351070,399727.94460025686
351071,767597.3488697472
351072,31893.954002994597
351073,1017.1009434255702
351074,37295.56327783545
351075,157444.71598443115
351076,174.5960753046288
351077,59.57049431047017
351078,147.40620902400372
351079,253.66812256537594
351080,8306.408042378276
351081,75831.12096714452
351082,25144.131390153998
351083,694338.4487076984
351084,642653.2368298739
351085,261083.81908706244
351086,32031.1183036066
351087,316.0311917058074
351088,7202.617668788839
351089,211931.98802766262
351090,58534.91602185056
351091,1882.9273144312401
351092,1626.5791739779138
351093,30641.407429705774
351094,350632.6775232407
351095,32951.819017582915
351096,161025.36721670657
351097,76760.51229011314
351098,167002.2663049089
351099,165361.4972834445
351100,2761.2650490921387
351101,1634.1636604717405
351102,115336.15457168988
351103,130151.00104888242
351104,542837.669487989
351105,571340.133889073
351106,2264.7894957747417
351107,120452.10889893872
351108,98699.73001136543
351109,1250.168152666593
351110,34684.072144149366
351111,11313.18459373753
351112,165316.29149611737
351113,10059.25707325149
351114,19154.644978029308
351115,64133.685994584266
351116,358147.20452200965
351117,310735.19920948986
351118,8651.090074929692
351119,26356.37212497728
351120,12311.71606571166
351121,2286.2686676240846
351122,49892.08782036764
351123,1451.9845416100638
351124,106.92342532189082
351125,15783.93702609265
351126,6098.450439540631
351127,27269.075637378926
351128,5655.600202047058
351129,86874.9320109881
351130,326120.5837913607
351131,1123021.5390398651
351132,99350.42929392032
351133,35919.94801616858
351134,27048.914041803087
351135,0.0
351136,54757.110177116956
351137,117.44458823158075
351138,178.35747898668552
351139,3196772.342214369
351140,432105.13582006725
351141,6787.794495215765
351142,1339860.0790505612
351143,23811.47660174668
351144,63570.87460873433
351145,17640.292722235678
351146,855.5213602521362
351147,41247.67017364424
351148,3349.1446754211697
351149,1925.7700759718384
351150,21592.114274163883
351151,207867.5822934386
351152,6416.151723438636
351153,170467.88898985
351154,58152.0440933037
351155,8696.068457474112
351156,206097.0832644383
351157,20369.326957883095
351158,396253.0651860639
351159,156563.97407048114
351160,140815.61354102753
351161,158212.77604582065
351162,1754.9428185454071
351163,17962.951847457167
351164,13505.750809722827
351165,116988.30247924643
351166,7929.692055800132
351167,61048.5772923523
351168,81257.62972714816
351169,171873.5463391145
351170,129926.43398164595
351171,24741.43292440633
351172,421.52361258409053
351173,117589.38841716092
351174,51941.40681584229
351175,5724.530598471986
351176,111397.66439905146
351177,123649.1194349945
351178,201539.03470446437
351179,12567.76118075457
351180,154.3110279158817
351181,4151.163966076963
351182,7762.761422926945
351183,16168.727328480714
351184,39010.82683557809
351185,3316.167755930832
351186,9063.257115407407
351187,19964.905611269758
351188,7186.594340012705
351189,5162.974939383441
351190,91712.22425598424
351191,326467.95197437773
351192,36327.57170556649
351193,1417141.5738516334
351194,391686.50571838755
351195,46192.41874742661
351196,182202.02137387067
351197,1267.9244412824091
351198,214739.29919430614
351199,2796143.8586642523
351200,45796.9778083528
351201,810343.5132387616
351202,620645.4924087229
351203,663034.6419395679
351204,1213266.119348412
351205,137256.3150166032
351206,132869.67439320462
351207,2379.732882357538
351208,5711.832293758181
351209,0.0
351210,13558.431428445907
351211,100180.60866978057
351212,4368.828437543374
351213,71475.36888849438
351214,474729.0412692791
351215,128858.18801013811
351216,657697.8135627868
351217,308846.3796097995
351218,105385.49693281366
351219,69744.85804624735
351220,748.1869127124137
351221,17649.33691619953
351222,288188.94578091684
351223,743773.4516910601
351224,326237.98286831216
351225,18271.522964763953
351226,31669.771562341964
351227,104531.93321690493
351228,19895.03505548643
351229,147021.3694701036
351230,2405.053974316702
351231,90165.56254638646
351232,13359.103666240811
351233,3688.754460878905
351234,1064.1879073543512
351235,177900.79686110758
351236,952985.3947676397
351237,101346.4165047637
351238,3935.5862654497296
351239,29712.108814324718
351240,134.27596103857582
351241,13554.268740858002
351242,197013.71595366322
351243,134195.21240269192
351244,313913.4625121803
351245,421856.09783016285
351246,14398.195025591871
351247,8762.106654124193
351248,19532.74510479044
351249,1818.257371066476
351250,2823.4960193149022
351251,75546.42001610939
351252,18125.268445437367
351253,716320.4483176626
351254,31479.424231198827
351255,1548322.452210418
351256,282.99640160194946
351257,1470.1395439196735
351258,1205.1226464548276
351259,95556.00874598399
351260,11432.474227053946
351261,1217.983405226049
351262,4410.403981222467
351263,1574.1527287693557
351264,1170.1218311828638
351265,2136.9967331304624
351266,2940.1075198886983
351267,925743.5811578527
351268,513926.5591037335
351269,29585.244265561647
351270,530853.0941259902
351271,30963.347134383053
351272,19430.80209729857
351273,1377.2075550478858
351274,34027.86131913125
351275,70796.8576301387
351276,121696.1071849129
351277,237241.823452282
351278,83262.51046469837
351279,16.01000267949803
351280,340376.55343078286
351281,19252.81736251509
351282,19040.563310631154
351283,56.22812720672073
351284,293.00841158035223
351285,20579.787486587513
351286,527.6722491616988
351287,89.06173727479626
351288,131251.33982026222
351289,824808.0111256638
351290,341259.6167929033
351291,676670.447969184
351292,29085.95737285995
351293,1124.050731176717
351294,34136.83928667449
351295,607071.669286272
351296,145076.60188142757
351297,224200.8487725011
351298,568608.5039668021
351299,303.1291077180609
351300,64.7389648176491
351301,179.7457039920992
351302,227.33198319675466
351303,6787.879283236129
351304,63488.33257567827
351305,25819.235444394035
351306,21346.14131530483
351307,310.1387662535545
351308,6742.653451638596
351309,211931.98802766262
351310,58534.91602185056
351311,1882.9273144312401
351312,1626.5791739779138
351313,30641.407429705774
351314,350632.6775232407
351315,32951.819017582915
351316,161025.36721670657
351317,76760.51229011314
351318,167002.2663049089
351319,165361.4972834445
351320,2761.2650490921387
351321,1634.1636604717405
351322,115336.15457168988
351323,130151.00104888242
351324,542837.669487989
351325,571340.133889073
351326,2264.7894957747417
351327,120452.10889893872
351328,98699.73001136543
351329,1250.168152666593
351330,34684.072144149366
351331,11313.18459373753
351332,165316.29149611737
351333,10059.25707325149
351334,19154.644978029308
351335,64133.685994584266
351336,358147.20452200965
351337,310735.19920948986
351338,8651.090074929692
351339,26356.37212497728
351340,12311.71606571166
351341,2286.2686676240846
351342,49892.08782036764
351343,1451.9845416100638
351344,106.92342532189082
351345,15783.93702609265
351346,6098.450439540631
351347,27269.075637378926
351348,5655.600202047058
351349,86874.9320109881
351350,326120.5837913607
351351,1123021.5390398651
351352,99350.42929392032
351353,35919.94801616858
351354,27048.914041803087
351355,0.0
351356,54757.110177116956
351357,117.44458823158075
351358,178.35747898668552
351359,3196772.342214369
351360,432105.13582006725
351361,6787.794495215765
351362,1339860.0790505612
351363,23811.47660174668
351364,63570.87460873433
351365,17640.292722235678
351366,855.5213602521362
351367,41247.67017364424
351368,3349.1446754211697
351369,1925.7700759718384
351370,21592.114274163883
351371,207867.5822934386
351372,6416.151723438636
351373,170467.88898985
351374,58152.0440933037
351375,8696.068457474112
351376,206097.0832644383
351377,20369.326957883095
351378,396253.0651860639
351379,156563.97407048114
351380,140815.61354102753
351381,158212.77604582065
351382,1754.9428185454071
351383,17962.951847457167
351384,13505.750809722827
351385,116988.30247924643
351386,7929.692055800132
351387,61048.5772923523
351388,81257.62972714816
351389,171873.5463391145
351390,129926.43398164595
351391,24741.43292440633
351392,421.52361258409053
351393,117589.38841716092
351394,51941.40681584229
351395,5724.530598471986
351396,111397.66439905146
351397,123649.1194349945
351398,201539.03470446437
351399,12567.76118075457
351400,154.3110279158817
351401,4151.163966076963
351402,7762.761422926945
351403,16168.727328480714
351404,39010.82683557809
351405,3316.167755930832
351406,9063.257115407407
351407,19964.905611269758
351408,7186.594340012705
351409,5162.974939383441
351410,91712.22425598424
351411,326467.95197437773
351412,36327.57170556649
351413,1417141.5738516334
351414,391686.50571838755
351415,46192.41874742661
351416,182202.02137387067
351417,1267.9244412824091
351418,214739.29919430614
351419,2796143.8586642523
351420,45796.9778083528
351421,810343.5132387616
351422,620645.4924087229
351423,663034.6419395679
351424,1213266.119348412
351425,137256.3150166032
351426,132869.67439320462
351427,2379.732882357538
351428,5711.832293758181
351429,0.0
351430,13558.431428445907
351431,100180.60866978057
351432,4368.828437543374
351433,71475.36888849438
351434,474729.0412692791
351435,128858.18801013811
351436,657697.8135627868
351437,308846.3796097995
351438,105385.49693281366
351439,69744.85804624735
351440,748.1869127124137
351441,17649.33691619953
351442,288188.94578091684
351443,743773.4516910601
351444,326237.98286831216
351445,18271.522964763953
351446,31669.771562341964
351447,104531.93321690493
351448,19895.03505548643
351449,147021.3694701036
351450,2405.053974316702
351451,90165.56254638646
351452,13359.103666240811
351453,3688.754460878905
351454,1064.1879073543512
351455,177900.79686110758
351456,952985.3947676397
351457,101346.4165047637
351458,3935.5862654497296
351459,29712.108814324718
351460,134.27596103857582
351461,13554.268740858002
351462,197013.71595366322
351463,134195.21240269192
351464,313913.4625121803
351465,421856.09783016285
351466,14398.195025591871
351467,8762.106654124193
351468,19532.74510479044
351469,1818.257371066476
351470,2823.4960193149022
351471,75546.42001610939
351472,18125.268445437367
351473,716320.4483176626
351474,31479.424231198827
351475,1548322.452210418
351476,282.99640160194946
351477,1470.1395439196735
351478,1205.1226464548276
351479,95556.00874598399
351480,11432.474227053946
351481,1217.983405226049
351482,4410.403981222467
351483,1574.1527287693557
351484,1170.1218311828638
351485,2136.9967331304624
351486,2940.1075198886983
351487,925743.5811578527
351488,513926.5591037335
351489,29585.244265561647
351490,530853.0941259902
351491,30963.347134383053
351492,19430.80209729857
351493,1377.2075550478858
351494,34027.86131913125
351495,70796.8576301387
351496,121696.1071849129
351497,237241.823452282
351498,83262.51046469837
351499,16.01000267949803
351500,340376.55343078286
351501,19252.81736251509
351502,19040.563310631154
351503,56.22812720672073
351504,293.00841158035223
351505,20579.787486587513
351506,527.6722491616988
351507,89.06173727479626
351508,131251.33982026222
351509,824808.0111256638
351510,341259.6167929033
351511,676670.447969184
351512,29085.95737285995
351513,1124.050731176717
351514,34136.83928667449
351515,607071.669286272
351516,145076.60188142757
351517,224200.8487725011
351518,568608.5039668021
351519,303.1291077180609
351520,64.7389648176491
351521,179.7457039920992
351522,227.33198319675466
351523,6787.879283236129
351524,63488.33257567827
351525,25819.235444394035
351526,21346.14131530483
351527,310.1387662535545
351528,6742.653451638596
