Num,y
348622,2416.183055975794
348623,11417.333333333334
348624,362966.6833976834
348625,41734.89032258064
348626,128.0120481927711
348627,149214.98155339807
348628,76407.25274725274
348629,76407.25274725274
348630,116617.13793103448
348631,3722.854447439353
348632,1684.5852895148669
348633,76407.25274725274
348634,315313.8535645472
348635,41734.89032258064
348636,2416.183055975794
348637,187271.16666666666
348638,133419.8668012109
348639,442912.5267175573
348640,442912.5267175573
348641,2762.7795698924733
348642,133419.8668012109
348643,76407.25274725274
348644,1392.044170890659
348645,23972.368852459018
348646,14442.866877971474
348647,149214.98155339807
348648,6801.507128309572
348649,23972.368852459018
348650,6140.158392434988
348651,23972.368852459018
348652,23972.368852459018
348653,315313.8535645472
348654,10764.803827751197
348655,23972.368852459018
348656,14442.866877971474
348657,3125.885032537961
348658,41734.89032258064
348659,2137.8627243928195
348660,299.1394769613948
348661,16096.973029045643
348662,3614.7162162162163
348663,11944.99319727891
348664,888881.9633027522
348665,76407.25274725274
348666,409806.72140762466
348667,1080562.6039325842
348668,109987.36061381074
348669,41734.89032258064
348670,23972.368852459018
348671,299.1394769613948
348672,41734.89032258064
348673,411.70487364620936
348674,889.3276450511945
348675,1998601.4642857143
348676,159249.2857142857
348677,8552.753398058252
348678,41923.651162790695
348679,315313.8535645472
348680,11944.99319727891
348681,889.3276450511945
348682,41734.89032258064
348683,2762.7795698924733
348684,2416.183055975794
348685,11944.99319727891
348686,148462.0
348687,9432.459044368601
348688,133419.8668012109
348689,11445.323108384458
348690,15685.931034482759
348691,187271.16666666666
348692,23972.368852459018
348693,187271.16666666666
348694,149214.98155339807
348695,149214.98155339807
348696,76407.25274725274
348697,76407.25274725274
348698,1392.044170890659
348699,29218.528125
348700,11944.99319727891
348701,76407.25274725274
348702,11445.323108384458
348703,41734.89032258064
348704,76407.25274725274
348705,182150.895480226
348706,133419.8668012109
348707,41734.89032258064
348708,11445.323108384458
348709,76407.25274725274
348710,76407.25274725274
348711,41734.89032258064
348712,6140.158392434988
348713,76407.25274725274
348714,76407.25274725274
348715,187271.16666666666
348716,14442.866877971474
348717,411.70487364620936
348718,2137.8627243928195
348719,3614.7162162162163
348720,11944.99319727891
348721,133419.8668012109
348722,2416.183055975794
348723,613.6132352941177
348724,23972.368852459018
348725,10764.803827751197
348726,8718.906976744185
348727,76407.25274725274
348728,362966.6833976834
348729,41734.89032258064
348730,888881.9633027522
348731,315313.8535645472
348732,41734.89032258064
348733,187271.16666666666
348734,1392.044170890659
348735,1998601.4642857143
348736,108074.70873786407
348737,41923.651162790695
348738,939556.633776091
348739,442912.5267175573
348740,442912.5267175573
348741,888881.9633027522
348742,149214.98155339807
348743,133419.8668012109
348744,1684.5852895148669
348745,16534.345238095237
348746,613.6132352941177
348747,16534.345238095237
348748,116617.13793103448
348749,3600.914503816794
348750,41734.89032258064
348751,362034.4347826087
348752,133419.8668012109
348753,442912.5267175573
348754,315313.8535645472
348755,109987.36061381074
348756,76407.25274725274
348757,1392.044170890659
348758,11944.99319727891
348759,315313.8535645472
348760,939556.633776091
348761,450786.99715099717
348762,23972.368852459018
348763,41734.89032258064
348764,101.44194756554307
348765,11944.99319727891
348766,149214.98155339807
348767,4894.039014373717
348768,613.6132352941177
348769,76407.25274725274
348770,16534.345238095237
348771,1684.5852895148669
348772,889.3276450511945
348773,149214.98155339807
348774,939556.633776091
348775,2762.7795698924733
348776,23599.5033557047
348777,196.87915936952714
348778,23972.368852459018
348779,116617.13793103448
348780,187271.16666666666
348781,126598.91379310345
348782,315313.8535645472
348783,450786.99715099717
348784,11944.99319727891
348785,9432.459044368601
348786,11944.99319727891
348787,1392.044170890659
348788,3125.885032537961
348789,76407.25274725274
348790,23972.368852459018
348791,939556.633776091
348792,442912.5267175573
348793,613.6132352941177
348794,411.70487364620936
348795,42.16742081447964
348796,1684.5852895148669
348797,1684.5852895148669
348798,76407.25274725274
348799,11445.323108384458
348800,1392.044170890659
348801,4894.039014373717
348802,2137.8627243928195
348803,904.9079147640791
348804,1684.5852895148669
348805,3600.914503816794
348806,939556.633776091
348807,35158.31552587646
348808,888881.9633027522
348809,450786.99715099717
348810,23972.368852459018
348811,16534.345238095237
348812,2137.8627243928195
348813,41734.89032258064
348814,41734.89032258064
348815,76407.25274725274
348816,187271.16666666666
348817,100894.87049659202
348818,411.70487364620936
348819,315313.8535645472
348820,11944.99319727891
348821,411.70487364620936
348822,128.03617021276597
348823,23972.368852459018
348824,128.03617021276597
348825,61.38095238095238
348826,889.3276450511945
348827,42.16742081447964
348828,133419.8668012109
348829,939556.633776091
348830,315313.8535645472
348831,939556.633776091
348832,23972.368852459018
348833,2762.7795698924733
348834,41734.89032258064
348835,149214.98155339807
348836,442912.5267175573
348837,128.03617021276597
348838,299.1394769613948
348839,411.70487364620936
348840,5689.601485148515
348841,41734.89032258064
348842,11944.99319727891
348843,889.3276450511945
348844,6140.158392434988
348845,187271.16666666666
348846,442912.5267175573
348847,23972.368852459018
349519,2137.8627243928195
349520,40844.375
349521,409806.72140762466
349522,40844.375
349523,128.0120481927711
349524,165094.8947368421
349525,100894.87049659202
349526,70734.17808219178
349527,93140.8918918919
349528,2137.8627243928195
349529,1392.044170890659
349530,76407.25274725274
349531,409806.72140762466
349532,20105.2
349533,2137.8627243928195
349534,165094.8947368421
349535,115667.97610062893
349536,479586.1034482759
349537,479586.1034482759
349538,2137.8627243928195
349539,115667.97610062893
349540,70734.17808219178
349541,2137.8627243928195
349542,40844.375
349543,11428.751633986929
349544,133797.83333333334
349545,2137.8627243928195
349546,20105.2
349547,2137.8627243928195
349548,20105.2
349549,20105.2
349550,251339.73333333334
349551,11428.751633986929
349552,40844.375
349553,11428.751633986929
349554,2137.8627243928195
349555,47553.46153846154
349556,2137.8627243928195
349557,299.1394769613948
349558,11428.751633986929
349559,2137.8627243928195
349560,20105.2
349561,888881.9633027522
349562,93140.8918918919
349563,409806.72140762466
349564,888881.9633027522
349565,115667.97610062893
349566,40844.375
349567,40844.375
349568,6175.8
349569,47553.46153846154
349570,128.03617021276597
349571,299.1394769613948
349572,1998601.4642857143
349573,362034.4347826087
349574,3606.82905982906
349575,76407.25274725274
349576,409806.72140762466
349577,20105.2
349578,299.1394769613948
349579,40844.375
349580,2137.8627243928195
349581,2137.8627243928195
349582,8718.906976744185
349583,133797.83333333334
349584,5835.627659574468
349585,115667.97610062893
349586,2137.8627243928195
349587,2137.8627243928195
349588,183533.85950413224
349589,20105.2
349590,183533.85950413224
349591,165094.8947368421
349592,133797.83333333334
349593,70734.17808219178
349594,70734.17808219178
349595,2137.8627243928195
349596,20105.2
349597,11428.751633986929
349598,70734.17808219178
349599,2137.8627243928195
349600,53645.71428571428
349601,70734.17808219178
349602,165094.8947368421
349603,115667.97610062893
349604,40844.375
349605,2137.8627243928195
349606,76407.25274725274
349607,70734.17808219178
349608,40844.375
349609,3606.82905982906
349610,70734.17808219178
349611,70734.17808219178
349612,183533.85950413224
349613,11428.751633986929
349614,411.70487364620936
349615,2137.8627243928195
349616,2137.8627243928195
349617,13328.375
349618,133797.83333333334
349619,2137.8627243928195
349620,299.1394769613948
349621,20105.2
349622,2137.8627243928195
349623,2137.8627243928195
349624,70734.17808219178
349625,409806.72140762466
349626,20105.2
349627,888881.9633027522
349628,409806.72140762466
349629,40844.375
349630,165094.8947368421
349631,904.9079147640791
349632,1998601.4642857143
349633,76407.25274725274
349634,76407.25274725274
349635,652282.1818181818
349636,652282.1818181818
349637,652282.1818181818
349638,888881.9633027522
349639,165094.8947368421
349640,133797.83333333334
349641,2137.8627243928195
349642,8718.906976744185
349643,299.1394769613948
349644,11428.751633986929
349645,93140.8918918919
349646,2137.8627243928195
349647,20105.2
349648,631656.952
349649,133797.83333333334
349650,652282.1818181818
349651,251339.73333333334
349652,115667.97610062893
349653,76407.25274725274
349654,299.1394769613948
349655,20105.2
349656,251339.73333333334
349657,652282.1818181818
349658,409806.72140762466
349659,20105.2
349660,40844.375
349661,299.1394769613948
349662,8718.906976744185
349663,133797.83333333334
349664,2137.8627243928195
349665,613.6132352941177
349666,93140.8918918919
349667,11428.751633986929
349668,2137.8627243928195
349669,1674.8048780487804
349670,165094.8947368421
349671,652282.1818181818
349672,2137.8627243928195
349673,19852.746200607904
349674,299.1394769613948
349675,13328.375
349676,93140.8918918919
349677,165094.8947368421
349678,133797.83333333334
349679,251339.73333333334
349680,362034.4347826087
349681,11428.751633986929
349682,11428.751633986929
349683,11428.751633986929
349684,2137.8627243928195
349685,2137.8627243928195
349686,76407.25274725274
349687,20105.2
349688,652282.1818181818
349689,479586.1034482759
349690,411.70487364620936
349691,613.6132352941177
349692,42.16742081447964
349693,2137.8627243928195
349694,2137.8627243928195
349695,93140.8918918919
349696,8718.906976744185
349697,1392.044170890659
349698,2137.8627243928195
349699,2137.8627243928195
349700,299.1394769613948
349701,2137.8627243928195
349702,2137.8627243928195
349703,888881.9633027522
349704,40844.375
349705,888881.9633027522
349706,362034.4347826087
349707,20105.2
349708,11428.751633986929
349709,2137.8627243928195
349710,40844.375
349711,53645.71428571428
349712,70734.17808219178
349713,183533.85950413224
349714,93140.8918918919
349715,128.03617021276597
349716,251339.73333333334
349717,20105.2
349718,299.1394769613948
349719,101.44194756554307
349720,23684.74777448071
349721,42.16742081447964
349722,61.38095238095238
349723,299.1394769613948
349724,42.16742081447964
349725,133797.83333333334
349726,652282.1818181818
349727,409806.72140762466
349728,652282.1818181818
349729,40844.375
349730,2137.8627243928195
349731,40844.375
349732,182150.895480226
349733,479586.1034482759
349734,299.1394769613948
349735,128.03617021276597
349736,128.03617021276597
349737,3606.82905982906
349738,47553.46153846154
349739,11428.751633986929
349740,411.70487364620936
349741,2137.8627243928195
349742,251339.73333333334
349743,631656.952
349744,20105.2
349745,40844.375
349746,409806.72140762466
349747,40844.375
349748,128.0120481927711
349749,165094.8947368421
349750,100894.87049659202
349751,70734.17808219178
349752,93140.8918918919
349753,2137.8627243928195
349754,1392.044170890659
349755,76407.25274725274
349756,409806.72140762466
349757,20105.2
349758,888881.9633027522
349759,2137.8627243928195
349760,2137.8627243928195
349761,165094.8947368421
349762,115667.97610062893
349763,479586.1034482759
349764,479586.1034482759
349765,2137.8627243928195
349766,115667.97610062893
349767,70734.17808219178
349768,2137.8627243928195
349769,40844.375
349770,11428.751633986929
349771,133797.83333333334
349772,2137.8627243928195
349773,20105.2
349774,8718.906976744185
349775,20105.2
349776,20105.2
349777,251339.73333333334
349778,11428.751633986929
349779,40844.375
349780,11428.751633986929
349781,2137.8627243928195
349782,47553.46153846154
349783,2137.8627243928195
349784,299.1394769613948
349785,11428.751633986929
349786,2137.8627243928195
349787,3606.82905982906
349788,2137.8627243928195
349789,93140.8918918919
349790,409806.72140762466
349791,888881.9633027522
349792,115667.97610062893
349793,40844.375
349794,40844.375
349795,6175.8
349796,47553.46153846154
349797,128.03617021276597
349798,299.1394769613948
349799,1998601.4642857143
349800,362034.4347826087
349801,20105.2
349802,183533.85950413224
349803,409806.72140762466
349804,20105.2
349805,299.1394769613948
349806,40844.375
349807,2137.8627243928195
349808,2137.8627243928195
349809,8718.906976744185
349810,133797.83333333334
349811,5835.627659574468
349812,115667.97610062893
349813,2137.8627243928195
349814,2137.8627243928195
349815,183533.85950413224
349816,904.9079147640791
349817,76407.25274725274
349818,165094.8947368421
349819,133797.83333333334
349820,70734.17808219178
349821,2137.8627243928195
349822,20105.2
349823,11428.751633986929
349824,70734.17808219178
349825,2137.8627243928195
349826,70734.17808219178
349827,165094.8947368421
349828,115667.97610062893
349829,53645.71428571428
349830,13328.375
349831,133797.83333333334
349832,2137.8627243928195
349833,76407.25274725274
349834,70734.17808219178
349835,40844.375
349836,3606.82905982906
349837,70734.17808219178
349838,70734.17808219178
349839,183533.85950413224
349840,11428.751633986929
349841,411.70487364620936
349842,2137.8627243928195
349843,2137.8627243928195
349844,20105.2
349845,40844.375
349846,2137.8627243928195
349847,299.1394769613948
349848,20105.2
349849,2137.8627243928195
349850,2137.8627243928195
349851,70734.17808219178
349852,409806.72140762466
349853,20105.2
349854,888881.9633027522
349855,409806.72140762466
349856,40844.375
349857,165094.8947368421
349858,1998601.4642857143
349859,76407.25274725274
349860,76407.25274725274
349861,652282.1818181818
349862,652282.1818181818
349863,652282.1818181818
349864,888881.9633027522
349865,165094.8947368421
349866,133797.83333333334
349867,2137.8627243928195
349868,8718.906976744185
349869,299.1394769613948
349870,11428.751633986929
349871,93140.8918918919
349872,2137.8627243928195
349873,20105.2
349874,631656.952
349875,133797.83333333334
349876,652282.1818181818
349877,251339.73333333334
349878,115667.97610062893
349879,76407.25274725274
349880,299.1394769613948
349881,20105.2
349882,251339.73333333334
349883,652282.1818181818
349884,409806.72140762466
349885,20105.2
349886,40844.375
349887,299.1394769613948
349888,13328.375
349889,2137.8627243928195
349890,93140.8918918919
349891,133797.83333333334
349892,11428.751633986929
349893,2137.8627243928195
349894,1674.8048780487804
349895,165094.8947368421
349896,652282.1818181818
349897,70734.17808219178
349898,2137.8627243928195
349899,19852.746200607904
349900,299.1394769613948
349901,613.6132352941177
349902,93140.8918918919
349903,165094.8947368421
349904,133797.83333333334
349905,251339.73333333334
349906,362034.4347826087
349907,11428.751633986929
349908,11428.751633986929
349909,11428.751633986929
349910,2137.8627243928195
349911,2137.8627243928195
349912,76407.25274725274
349913,20105.2
349914,652282.1818181818
349915,2137.8627243928195
349916,411.70487364620936
349917,613.6132352941177
349918,42.16742081447964
349919,32.90243902439025
349920,2137.8627243928195
349921,2137.8627243928195
349922,93140.8918918919
349923,8718.906976744185
349924,1392.044170890659
349925,2137.8627243928195
349926,2137.8627243928195
349927,299.1394769613948
349928,2137.8627243928195
349929,40844.375
349930,888881.9633027522
349931,479586.1034482759
349932,888881.9633027522
349933,362034.4347826087
349934,20105.2
349935,11428.751633986929
349936,2137.8627243928195
349937,40844.375
349938,53645.71428571428
349939,70734.17808219178
349940,183533.85950413224
349941,93140.8918918919
349942,251339.73333333334
349943,299.1394769613948
349944,20105.2
349945,23684.74777448071
349946,42.16742081447964
349947,61.38095238095238
349948,299.1394769613948
349949,42.16742081447964
349950,133797.83333333334
349951,652282.1818181818
349952,409806.72140762466
349953,652282.1818181818
349954,40844.375
349955,2137.8627243928195
349956,40844.375
349957,182150.895480226
349958,101.44194756554307
349959,299.1394769613948
349960,128.03617021276597
349961,128.03617021276597
349962,3606.82905982906
349963,47553.46153846154
349964,11428.751633986929
349965,479586.1034482759
349966,631656.952
349967,251339.73333333334
349968,20105.2
349969,411.70487364620936
349970,2137.8627243928195
350191,2416.183055975794
350192,33358.508875739644
350193,355884.75757575757
350194,8961.6
350195,128.0120481927711
350196,169830.75877192983
350197,94923.23976608187
350198,126469.37686567164
350199,126469.37686567164
350200,3125.885032537961
350201,2762.7795698924733
350202,66887.16475095786
350203,355884.75757575757
350204,7508.666666666667
350205,3125.885032537961
350206,187124.05128205128
350207,115667.97610062893
350208,701487.4089347079
350209,701487.4089347079
350210,1316.953601953602
350211,126469.37686567164
350212,115667.97610062893
350213,1316.953601953602
350214,7508.666666666667
350215,10764.803827751197
350216,169830.75877192983
350217,8552.753398058252
350218,19852.746200607904
350219,5689.601485148515
350220,7508.666666666667
350221,19852.746200607904
350222,327048.0
350223,11445.323108384458
350224,37083.1581920904
350225,14969.158192090395
350226,3125.885032537961
350227,66887.16475095786
350228,1392.044170890659
350229,196.87915936952714
350230,16566.008810572686
350231,5689.601485148515
350232,19852.746200607904
350233,1551389.9588477367
350234,115667.97610062893
350235,327048.0
350236,888881.9633027522
350237,115667.97610062893
350238,39101.59649122807
350239,19852.746200607904
350240,164.7537313432836
350241,49403.77615571776
350242,299.1394769613948
350243,299.1394769613948
350244,739248.5
350245,479502.09523809527
350246,9432.459044368601
350247,66887.16475095786
350248,355884.75757575757
350249,19852.746200607904
350250,904.9079147640791
350251,8961.6
350252,3125.885032537961
350253,1316.953601953602
350254,18600.394666666667
350255,169830.75877192983
350256,7053.461538461538
350257,169830.75877192983
350258,11445.323108384458
350259,5689.601485148515
350260,244438.06818181818
350261,19852.746200607904
350262,187124.05128205128
350263,169830.75877192983
350264,169830.75877192983
350265,126469.37686567164
350266,115667.97610062893
350267,1316.953601953602
350268,19852.746200607904
350269,18600.394666666667
350270,5602.666666666667
350271,13469.622222222222
350272,49403.77615571776
350273,115667.97610062893
350274,169830.75877192983
350275,126469.37686567164
350276,7508.666666666667
350277,10764.803827751197
350278,91390.43410852713
350279,115667.97610062893
350280,8961.6
350281,8552.753398058252
350282,126469.37686567164
350283,128464.83333333333
350284,187124.05128205128
350285,10764.803827751197
350286,411.70487364620936
350287,2416.183055975794
350288,3614.7162162162163
350289,19852.746200607904
350290,169830.75877192983
350291,2762.7795698924733
350292,411.70487364620936
350293,19852.746200607904
350294,6801.507128309572
350295,5689.601485148515
350296,72557.13111111111
350297,327048.0
350298,8961.6
350299,1551389.9588477367
350300,355884.75757575757
350301,8961.6
350302,253130.6962962963
350303,411.70487364620936
350304,739248.5
350305,70734.17808219178
350306,39101.59649122807
350307,888881.9633027522
350308,217561.33333333334
350309,217561.33333333334
350310,1551389.9588477367
350311,128464.83333333333
350312,169830.75877192983
350313,3125.885032537961
350314,13469.622222222222
350315,299.1394769613948
350316,19852.746200607904
350317,115667.97610062893
350318,3739.4615384615386
350319,8961.6
350320,479502.09523809527
350321,128464.83333333333
350322,217561.33333333334
350323,355884.75757575757
350324,126469.37686567164
350325,94923.23976608187
350326,904.9079147640791
350327,19852.746200607904
350328,327048.0
350329,217561.33333333334
350330,355884.75757575757
350331,7508.666666666667
350332,8961.6
350333,299.1394769613948
350334,14969.158192090395
350335,169830.75877192983
350336,3125.885032537961
350337,299.1394769613948
350338,126469.37686567164
350339,14969.158192090395
350340,3125.885032537961
350341,2416.183055975794
350342,169830.75877192983
350343,888881.9633027522
350344,3125.885032537961
350345,11417.333333333334
350346,196.87915936952714
350347,19852.746200607904
350348,126469.37686567164
350349,187124.05128205128
350350,169830.75877192983
350351,355884.75757575757
350352,479502.09523809527
350353,16566.008810572686
350354,9432.459044368601
350355,16566.008810572686
350356,1316.953601953602
350357,3600.914503816794
350358,94923.23976608187
350359,19852.746200607904
350360,217561.33333333334
350361,701487.4089347079
350362,411.70487364620936
350363,411.70487364620936
350364,32.90243902439025
350365,3125.885032537961
350366,1316.953601953602
350367,91390.43410852713
350368,13469.622222222222
350369,1316.953601953602
350370,3125.885032537961
350371,1316.953601953602
350372,411.70487364620936
350373,2416.183055975794
350374,3739.4615384615386
350375,888881.9633027522
350376,33358.508875739644
350377,1551389.9588477367
350378,355884.75757575757
350379,19852.746200607904
350380,19852.746200607904
350381,1316.953601953602
350382,8961.6
350383,66887.16475095786
350384,126469.37686567164
350385,244438.06818181818
350386,115667.97610062893
350387,299.1394769613948
350388,355884.75757575757
350389,19852.746200607904
350390,411.70487364620936
350391,164.7537313432836
350392,7508.666666666667
350393,61.38095238095238
350394,61.38095238095238
350395,411.70487364620936
350396,42.16742081447964
350397,169830.75877192983
350398,217561.33333333334
350399,327048.0
350400,701487.4089347079
350401,33358.508875739644
350402,3125.885032537961
350403,8961.6
350404,169830.75877192983
350405,701487.4089347079
350406,164.7537313432836
350407,196.87915936952714
350408,299.1394769613948
350409,3614.7162162162163
350410,49403.77615571776
350411,19852.746200607904
350412,411.70487364620936
350413,5689.601485148515
350414,244438.06818181818
350415,701487.4089347079
350416,19852.746200607904
350417,33358.508875739644
350418,355884.75757575757
350419,8961.6
350420,128.0120481927711
350421,169830.75877192983
350422,94923.23976608187
350423,126469.37686567164
350424,126469.37686567164
350425,3125.885032537961
350426,2762.7795698924733
350427,66887.16475095786
350428,355884.75757575757
350429,7508.666666666667
350430,1551389.9588477367
350431,2416.183055975794
350432,3125.885032537961
350433,187124.05128205128
350434,115667.97610062893
350435,701487.4089347079
350436,701487.4089347079
350437,1316.953601953602
350438,126469.37686567164
350439,115667.97610062893
350440,1316.953601953602
350441,7508.666666666667
350442,10764.803827751197
350443,169830.75877192983
350444,8552.753398058252
350445,19852.746200607904
350446,14969.158192090395
350447,7508.666666666667
350448,19852.746200607904
350449,327048.0
350450,11445.323108384458
350451,37083.1581920904
350452,14969.158192090395
350453,3125.885032537961
350454,66887.16475095786
350455,1392.044170890659
350456,196.87915936952714
350457,13317.816777041942
350458,5689.601485148515
350459,9432.459044368601
350460,5689.601485148515
350461,115667.97610062893
350462,327048.0
350463,888881.9633027522
350464,115667.97610062893
350465,39101.59649122807
350466,19852.746200607904
350467,164.7537313432836
350468,49403.77615571776
350469,299.1394769613948
350470,299.1394769613948
350471,739248.5
350472,479502.09523809527
350473,19852.746200607904
350474,187124.05128205128
350475,355884.75757575757
350476,19852.746200607904
350477,904.9079147640791
350478,8961.6
350479,3125.885032537961
350480,1316.953601953602
350481,18600.394666666667
350482,169830.75877192983
350483,7053.461538461538
350484,169830.75877192983
350485,11445.323108384458
350486,5689.601485148515
350487,244438.06818181818
350488,411.70487364620936
350489,66887.16475095786
350490,169830.75877192983
350491,169830.75877192983
350492,126469.37686567164
350493,1316.953601953602
350494,19852.746200607904
350495,18600.394666666667
350496,5602.666666666667
350497,13469.622222222222
350498,115667.97610062893
350499,169830.75877192983
350500,126469.37686567164
350501,49403.77615571776
350502,19852.746200607904
350503,169830.75877192983
350504,10764.803827751197
350505,91390.43410852713
350506,115667.97610062893
350507,8961.6
350508,8552.753398058252
350509,126469.37686567164
350510,128464.83333333333
350511,187124.05128205128
350512,10764.803827751197
350513,411.70487364620936
350514,2416.183055975794
350515,3614.7162162162163
350516,19852.746200607904
350517,7508.666666666667
350518,2762.7795698924733
350519,411.70487364620936
350520,19852.746200607904
350521,6801.507128309572
350522,5689.601485148515
350523,72557.13111111111
350524,327048.0
350525,8961.6
350526,1551389.9588477367
350527,355884.75757575757
350528,8961.6
350529,253130.6962962963
350530,739248.5
350531,70734.17808219178
350532,39101.59649122807
350533,888881.9633027522
350534,217561.33333333334
350535,217561.33333333334
350536,1551389.9588477367
350537,128464.83333333333
350538,169830.75877192983
350539,3125.885032537961
350540,13469.622222222222
350541,299.1394769613948
350542,19852.746200607904
350543,115667.97610062893
350544,3739.4615384615386
350545,8961.6
350546,479502.09523809527
350547,128464.83333333333
350548,217561.33333333334
350549,355884.75757575757
350550,126469.37686567164
350551,94923.23976608187
350552,904.9079147640791
350553,19852.746200607904
350554,327048.0
350555,217561.33333333334
350556,355884.75757575757
350557,7508.666666666667
350558,8961.6
350559,299.1394769613948
350560,19852.746200607904
350561,3125.885032537961
350562,126469.37686567164
350563,169830.75877192983
350564,14969.158192090395
350565,3125.885032537961
350566,2416.183055975794
350567,169830.75877192983
350568,888881.9633027522
350569,115667.97610062893
350570,3125.885032537961
350571,11417.333333333334
350572,196.87915936952714
350573,299.1394769613948
350574,126469.37686567164
350575,187124.05128205128
350576,169830.75877192983
350577,355884.75757575757
350578,479502.09523809527
350579,13317.816777041942
350580,9432.459044368601
350581,13317.816777041942
350582,1316.953601953602
350583,3600.914503816794
350584,94923.23976608187
350585,19852.746200607904
350586,217561.33333333334
350587,3739.4615384615386
350588,411.70487364620936
350589,411.70487364620936
350590,32.90243902439025
350591,32.90243902439025
350592,3125.885032537961
350593,1316.953601953602
350594,91390.43410852713
350595,13469.622222222222
350596,1316.953601953602
350597,3125.885032537961
350598,1316.953601953602
350599,411.70487364620936
350600,2416.183055975794
350601,33358.508875739644
350602,888881.9633027522
350603,701487.4089347079
350604,1551389.9588477367
350605,355884.75757575757
350606,19852.746200607904
350607,19852.746200607904
350608,1316.953601953602
350609,8961.6
350610,66887.16475095786
350611,126469.37686567164
350612,244438.06818181818
350613,115667.97610062893
350614,355884.75757575757
350615,411.70487364620936
350616,19852.746200607904
350617,7508.666666666667
350618,61.38095238095238
350619,61.38095238095238
350620,411.70487364620936
350621,42.16742081447964
350622,169830.75877192983
350623,217561.33333333334
350624,327048.0
350625,701487.4089347079
350626,33358.508875739644
350627,3125.885032537961
350628,8961.6
350629,169830.75877192983
350630,164.7537313432836
350631,164.7537313432836
350632,196.87915936952714
350633,299.1394769613948
350634,3614.7162162162163
350635,49403.77615571776
350636,19852.746200607904
350637,701487.4089347079
350638,701487.4089347079
350639,244438.06818181818
350640,19852.746200607904
350641,411.70487364620936
350642,5689.601485148515
350643,187124.05128205128
350644,66887.16475095786
350645,3125.885032537961
350646,2416.183055975794
350647,33358.508875739644
350648,355884.75757575757
350649,8961.6
350650,169830.75877192983
350651,94923.23976608187
350652,92661.02985074627
350653,92661.02985074627
350654,3125.885032537961
350655,2762.7795698924733
350656,169830.75877192983
350657,115667.97610062893
350658,701487.4089347079
350659,701487.4089347079
350660,1316.953601953602
350661,92661.02985074627
350662,115667.97610062893
350663,1316.953601953602
350664,7508.666666666667
350665,10764.803827751197
350666,169830.75877192983
350667,8552.753398058252
350668,19852.746200607904
350669,91390.43410852713
350670,327048.0
350671,327048.0
350672,11445.323108384458
350673,37083.1581920904
350674,14969.158192090395
350675,3125.885032537961
350676,66887.16475095786
350677,1392.044170890659
350678,196.87915936952714
350679,13317.816777041942
350680,5689.601485148515
350681,19852.746200607904
350682,5689.601485148515
350683,115667.97610062893
350684,355884.75757575757
350685,888881.9633027522
350686,115667.97610062893
350687,39101.59649122807
350688,19852.746200607904
350689,164.7537313432836
350690,49403.77615571776
350691,299.1394769613948
350692,299.1394769613948
350693,739248.5
350694,479502.09523809527
350695,9432.459044368601
350696,1551389.9588477367
350697,7508.666666666667
350698,66887.16475095786
350699,19852.746200607904
350700,904.9079147640791
350701,8961.6
350702,3125.885032537961
350703,1316.953601953602
350704,18600.394666666667
350705,169830.75877192983
350706,7053.461538461538
350707,169830.75877192983
350708,11445.323108384458
350709,5689.601485148515
350710,244438.06818181818
350711,19852.746200607904
350712,355884.75757575757
350713,169830.75877192983
350714,169830.75877192983
350715,92661.02985074627
350716,1316.953601953602
350717,19852.746200607904
350718,18600.394666666667
350719,5602.666666666667
350720,13469.622222222222
350721,49403.77615571776
350722,115667.97610062893
350723,169830.75877192983
350724,92661.02985074627
350725,7508.666666666667
350726,411.70487364620936
350727,115667.97610062893
350728,8961.6
350729,8552.753398058252
350730,92661.02985074627
350731,128464.83333333333
350732,187124.05128205128
350733,10764.803827751197
350734,411.70487364620936
350735,2416.183055975794
350736,3614.7162162162163
350737,19852.746200607904
350738,7508.666666666667
350739,2762.7795698924733
350740,10764.803827751197
350741,19852.746200607904
350742,6801.507128309572
350743,5689.601485148515
350744,72557.13111111111
350745,327048.0
350746,8961.6
350747,1551389.9588477367
350748,355884.75757575757
350749,8961.6
350750,253130.6962962963
350751,411.70487364620936
350752,187124.05128205128
350753,739248.5
350754,39101.59649122807
350755,888881.9633027522
350756,217561.33333333334
350757,217561.33333333334
350758,1551389.9588477367
350759,128464.83333333333
350760,169830.75877192983
350761,3125.885032537961
350762,13469.622222222222
350763,299.1394769613948
350764,19852.746200607904
350765,115667.97610062893
350766,3739.4615384615386
350767,70734.17808219178
350768,479502.09523809527
350769,128464.83333333333
350770,217561.33333333334
350771,355884.75757575757
350772,92661.02985074627
350773,94923.23976608187
350774,904.9079147640791
350775,19852.746200607904
350776,327048.0
350777,217561.33333333334
350778,355884.75757575757
350779,7508.666666666667
350780,8961.6
350781,92661.02985074627
350782,19852.746200607904
350783,169830.75877192983
350784,3125.885032537961
350785,92661.02985074627
350786,14969.158192090395
350787,3125.885032537961
350788,2416.183055975794
350789,169830.75877192983
350790,888881.9633027522
350791,115667.97610062893
350792,3125.885032537961
350793,11417.333333333334
350794,299.1394769613948
350795,14969.158192090395
350796,187124.05128205128
350797,169830.75877192983
350798,355884.75757575757
350799,479502.09523809527
350800,13317.816777041942
350801,9432.459044368601
350802,13317.816777041942
350803,1316.953601953602
350804,3600.914503816794
350805,94923.23976608187
350806,19852.746200607904
350807,217561.33333333334
350808,8961.6
350809,1551389.9588477367
350810,411.70487364620936
350811,3125.885032537961
350812,1316.953601953602
350813,91390.43410852713
350814,13469.622222222222
350815,1316.953601953602
350816,3125.885032537961
350817,1316.953601953602
350818,411.70487364620936
350819,2416.183055975794
350820,3739.4615384615386
350821,888881.9633027522
350822,701487.4089347079
350823,33358.508875739644
350824,355884.75757575757
350825,19852.746200607904
350826,19852.746200607904
350827,1316.953601953602
350828,8961.6
350829,66887.16475095786
350830,92661.02985074627
350831,244438.06818181818
350832,115667.97610062893
350833,299.1394769613948
350834,355884.75757575757
350835,19852.746200607904
350836,19852.746200607904
350837,164.7537313432836
350838,411.70487364620936
350839,7508.666666666667
350840,411.70487364620936
350841,42.16742081447964
350842,169830.75877192983
350843,217561.33333333334
350844,327048.0
350845,701487.4089347079
350846,33358.508875739644
350847,3125.885032537961
350848,8961.6
350849,701487.4089347079
350850,169830.75877192983
350851,244438.06818181818
350852,701487.4089347079
350853,411.70487364620936
350854,164.7537313432836
350855,196.87915936952714
350856,299.1394769613948
350857,3614.7162162162163
350858,49403.77615571776
350859,19852.746200607904
350860,19852.746200607904
350861,411.70487364620936
350862,5689.601485148515
350863,11417.333333333334
350864,288310.3829787234
350865,11417.333333333334
350866,42.16742081447964
350867,155564.57692307694
350868,63270.614705882355
350869,123764.32967032967
350870,123764.32967032967
350871,2416.183055975794
350872,2416.183055975794
350873,63270.614705882355
350874,288310.3829787234
350875,22072.335294117645
350876,1328810.9777777777
350877,889.3276450511945
350878,2416.183055975794
350879,155564.57692307694
350880,155564.57692307694
350881,683454.2142857143
350882,683454.2142857143
350883,2416.183055975794
350884,155564.57692307694
350885,123764.32967032967
350886,889.3276450511945
350887,22072.335294117645
350888,11445.323108384458
350889,155564.57692307694
350890,8552.753398058252
350891,22072.335294117645
350892,8552.753398058252
350893,22072.335294117645
350894,16096.973029045643
350895,288310.3829787234
350896,8552.753398058252
350897,22072.335294117645
350898,8552.753398058252
350899,2416.183055975794
350900,50593.287262872625
350901,1392.044170890659
350902,196.87915936952714
350903,11445.323108384458
350904,4350.3015873015875
350905,5190.770392749245
350906,4350.3015873015875
350907,123764.32967032967
350908,332398.9567099567
350909,683454.2142857143
350910,88823.72727272728
350911,11417.333333333334
350912,11417.333333333334
350913,164.7537313432836
350914,50593.287262872625
350915,164.7537313432836
350916,411.70487364620936
350917,2657864.2647058824
350918,332398.9567099567
350919,16096.973029045643
350920,155564.57692307694
350921,332398.9567099567
350922,16096.973029045643
350923,889.3276450511945
350924,46524.34333333333
350925,2416.183055975794
350926,889.3276450511945
350927,22072.335294117645
350928,155564.57692307694
350929,5190.770392749245
350930,155564.57692307694
350931,22072.335294117645
350932,5190.770392749245
350933,155564.57692307694
350934,889.3276450511945
350935,50593.287262872625
350936,155564.57692307694
350937,155564.57692307694
350938,155564.57692307694
350939,889.3276450511945
350940,16096.973029045643
350941,16096.973029045643
350942,123764.32967032967
350943,8552.753398058252
350944,123764.32967032967
350945,155564.57692307694
350946,155564.57692307694
350947,63270.614705882355
350948,16096.973029045643
350949,88823.72727272728
350950,8552.753398058252
350951,63270.614705882355
350952,123764.32967032967
350953,46524.34333333333
350954,5190.770392749245
350955,123764.32967032967
350956,88823.72727272728
350957,155564.57692307694
350958,16566.008810572686
350959,299.1394769613948
350960,3600.914503816794
350961,5190.770392749245
350962,22072.335294117645
350963,11417.333333333334
350964,2416.183055975794
350965,411.70487364620936
350966,22072.335294117645
350967,5190.770392749245
350968,5190.770392749245
350969,123764.32967032967
350970,288310.3829787234
350971,11417.333333333334
350972,683454.2142857143
350973,332398.9567099567
350974,11417.333333333334
350975,155564.57692307694
350976,1328810.9777777777
350977,46524.34333333333
350978,22072.335294117645
350979,683454.2142857143
350980,683454.2142857143
350981,683454.2142857143
350982,1328810.9777777777
350983,155564.57692307694
350984,155564.57692307694
350985,2416.183055975794
350986,5190.770392749245
350987,164.7537313432836
350988,16096.973029045643
350989,123764.32967032967
350990,4350.3015873015875
350991,11417.333333333334
350992,413261.31666666665
350993,88823.72727272728
350994,683454.2142857143
350995,155564.57692307694
350996,88823.72727272728
350997,63270.614705882355
350998,889.3276450511945
350999,16096.973029045643
351000,288310.3829787234
351001,683454.2142857143
351002,288310.3829787234
351003,16096.973029045643
351004,22072.335294117645
351005,252.0
351006,16096.973029045643
351007,889.3276450511945
351008,88823.72727272728
351009,155564.57692307694
351010,16566.008810572686
351011,3600.914503816794
351012,889.3276450511945
351013,155564.57692307694
351014,683454.2142857143
351015,123764.32967032967
351016,3600.914503816794
351017,23972.368852459018
351018,101.44194756554307
351019,252.0
351020,123764.32967032967
351021,155564.57692307694
351022,155564.57692307694
351023,92261.125
351024,332398.9567099567
351025,16566.008810572686
351026,5190.770392749245
351027,14442.866877971474
351028,1684.5852895148669
351029,2416.183055975794
351030,63270.614705882355
351031,16096.973029045643
351032,683454.2142857143
351033,2416.183055975794
351034,299.1394769613948
351035,889.3276450511945
351036,42.16742081447964
351037,32.90243902439025
351038,889.3276450511945
351039,889.3276450511945
351040,123764.32967032967
351041,16566.008810572686
351042,889.3276450511945
351043,4350.3015873015875
351044,889.3276450511945
351045,889.3276450511945
351046,889.3276450511945
351047,11417.333333333334
351048,683454.2142857143
351049,683454.2142857143
351050,893736.5
351051,332398.9567099567
351052,11417.333333333334
351053,16096.973029045643
351054,889.3276450511945
351055,22072.335294117645
351056,50593.287262872625
351057,123764.32967032967
351058,155564.57692307694
351059,88823.72727272728
351060,92261.125
351061,411.70487364620936
351062,16096.973029045643
351063,22072.335294117645
351064,164.7537313432836
351065,411.70487364620936
351066,613.6132352941177
351067,42.16742081447964
351068,155564.57692307694
351069,683454.2142857143
351070,288310.3829787234
351071,683454.2142857143
351072,11417.333333333334
351073,889.3276450511945
351074,11417.333333333334
351075,155564.57692307694
351076,42.16742081447964
351077,101.44194756554307
351078,196.87915936952714
351079,164.7537313432836
351080,5190.770392749245
351081,50593.287262872625
351082,16096.973029045643
351083,683454.2142857143
351084,683454.2142857143
351085,155564.57692307694
351086,22072.335294117645
351087,613.6132352941177
351088,4350.3015873015875
351089,108074.70873786407
351090,63270.614705882355
351091,2416.183055975794
351092,889.3276450511945
351093,11417.333333333334
351094,288310.3829787234
351095,11417.333333333334
351096,108074.70873786407
351097,63270.614705882355
351098,77936.41208791209
351099,77936.41208791209
351100,2416.183055975794
351101,2416.183055975794
351102,88823.72727272728
351103,108074.70873786407
351104,487883.39285714284
351105,487883.39285714284
351106,2416.183055975794
351107,108074.70873786407
351108,77936.41208791209
351109,889.3276450511945
351110,16534.345238095237
351111,11445.323108384458
351112,108074.70873786407
351113,8552.753398058252
351114,16534.345238095237
351115,63270.614705882355
351116,332398.9567099567
351117,288310.3829787234
351118,8552.753398058252
351119,16534.345238095237
351120,8552.753398058252
351121,2416.183055975794
351122,50593.287262872625
351123,1392.044170890659
351124,196.87915936952714
351125,11445.323108384458
351126,4350.3015873015875
351127,16534.345238095237
351128,4350.3015873015875
351129,77936.41208791209
351130,288310.3829787234
351131,487883.39285714284
351132,88823.72727272728
351133,11417.333333333334
351134,11417.333333333334
351135,164.7537313432836
351136,50593.287262872625
351137,164.7537313432836
351138,411.70487364620936
351139,2657864.2647058824
351140,332398.9567099567
351141,5190.770392749245
351142,1328810.9777777777
351143,16534.345238095237
351144,50593.287262872625
351145,16096.973029045643
351146,889.3276450511945
351147,35158.31552587646
351148,2416.183055975794
351149,889.3276450511945
351150,16534.345238095237
351151,108074.70873786407
351152,5190.770392749245
351153,108074.70873786407
351154,16534.345238095237
351155,5190.770392749245
351156,108074.70873786407
351157,16096.973029045643
351158,332398.9567099567
351159,108074.70873786407
351160,108074.70873786407
351161,108074.70873786407
351162,889.3276450511945
351163,16096.973029045643
351164,16096.973029045643
351165,77936.41208791209
351166,8552.753398058252
351167,63270.614705882355
351168,77936.41208791209
351169,108074.70873786407
351170,108074.70873786407
351171,16534.345238095237
351172,411.70487364620936
351173,77936.41208791209
351174,35158.31552587646
351175,5190.770392749245
351176,77936.41208791209
351177,88823.72727272728
351178,108074.70873786407
351179,13317.816777041942
351180,299.1394769613948
351181,3600.914503816794
351182,5190.770392749245
351183,16096.973029045643
351184,11417.333333333334
351185,2416.183055975794
351186,8552.753398058252
351187,16534.345238095237
351188,5190.770392749245
351189,5190.770392749245
351190,77936.41208791209
351191,288310.3829787234
351192,11417.333333333334
351193,487883.39285714284
351194,332398.9567099567
351195,11417.333333333334
351196,108074.70873786407
351197,889.3276450511945
351198,108074.70873786407
351199,1328810.9777777777
351200,16534.345238095237
351201,487883.39285714284
351202,487883.39285714284
351203,487883.39285714284
351204,1328810.9777777777
351205,108074.70873786407
351206,108074.70873786407
351207,2416.183055975794
351208,5190.770392749245
351209,164.7537313432836
351210,16096.973029045643
351211,77936.41208791209
351212,4350.3015873015875
351213,35158.31552587646
351214,413261.31666666665
351215,88823.72727272728
351216,487883.39285714284
351217,108074.70873786407
351218,88823.72727272728
351219,63270.614705882355
351220,889.3276450511945
351221,16096.973029045643
351222,288310.3829787234
351223,487883.39285714284
351224,288310.3829787234
351225,16096.973029045643
351226,16534.345238095237
351227,77936.41208791209
351228,16096.973029045643
351229,108074.70873786407
351230,889.3276450511945
351231,88823.72727272728
351232,13317.816777041942
351233,3600.914503816794
351234,889.3276450511945
351235,108074.70873786407
351236,487883.39285714284
351237,77936.41208791209
351238,3600.914503816794
351239,23972.368852459018
351240,252.0
351241,8552.753398058252
351242,108074.70873786407
351243,108074.70873786407
351244,92261.125
351245,332398.9567099567
351246,13317.816777041942
351247,5190.770392749245
351248,14442.866877971474
351249,1684.5852895148669
351250,2416.183055975794
351251,63270.614705882355
351252,16096.973029045643
351253,487883.39285714284
351254,11417.333333333334
351255,893736.5
351256,889.3276450511945
351257,889.3276450511945
351258,889.3276450511945
351259,77936.41208791209
351260,13317.816777041942
351261,889.3276450511945
351262,4350.3015873015875
351263,889.3276450511945
351264,889.3276450511945
351265,889.3276450511945
351266,2416.183055975794
351267,487883.39285714284
351268,487883.39285714284
351269,11417.333333333334
351270,332398.9567099567
351271,11417.333333333334
351272,16096.973029045643
351273,889.3276450511945
351274,16534.345238095237
351275,50593.287262872625
351276,77936.41208791209
351277,108074.70873786407
351278,88823.72727272728
351279,133.4255319148936
351280,92261.125
351281,16096.973029045643
351282,16096.973029045643
351283,42.16742081447964
351284,299.1394769613948
351285,16534.345238095237
351286,613.6132352941177
351287,42.16742081447964
351288,108074.70873786407
351289,487883.39285714284
351290,288310.3829787234
351291,487883.39285714284
351292,11417.333333333334
351293,889.3276450511945
351294,11417.333333333334
351295,487883.39285714284
351296,108074.70873786407
351297,108074.70873786407
351298,487883.39285714284
351299,411.70487364620936
351300,101.44194756554307
351301,196.87915936952714
351302,164.7537313432836
351303,5190.770392749245
351304,50593.287262872625
351305,16534.345238095237
351306,16096.973029045643
351307,613.6132352941177
351308,4350.3015873015875
351309,149214.98155339807
351310,41734.89032258064
351311,2762.7795698924733
351312,2137.8627243928195
351313,33358.508875739644
351314,218442.50537634408
351315,23972.368852459018
351316,126598.91379310345
351317,72557.13111111111
351318,76407.25274725274
351319,76407.25274725274
351320,2762.7795698924733
351321,1684.5852895148669
351322,109987.36061381074
351323,76407.25274725274
351324,531051.8717948718
351325,531051.8717948718
351326,1684.5852895148669
351327,126598.91379310345
351328,76407.25274725274
351329,1392.044170890659
351330,23972.368852459018
351331,11445.323108384458
351332,149214.98155339807
351333,11445.323108384458
351334,11944.99319727891
351335,72557.13111111111
351336,315313.8535645472
351337,218442.50537634408
351338,10764.803827751197
351339,23972.368852459018
351340,11445.323108384458
351341,2762.7795698924733
351342,41734.89032258064
351343,1392.044170890659
351344,128.03617021276597
351345,14442.866877971474
351346,3614.7162162162163
351347,23972.368852459018
351348,3614.7162162162163
351349,76407.25274725274
351350,218442.50537634408
351351,777879.314148681
351352,76407.25274725274
351353,23972.368852459018
351354,23972.368852459018
351355,196.87915936952714
351356,41734.89032258064
351357,196.87915936952714
351358,196.87915936952714
351359,1350673.0694444445
351360,315313.8535645472
351361,9432.459044368601
351362,1350673.0694444445
351363,23972.368852459018
351364,41923.651162790695
351365,15716.886206896552
351366,904.9079147640791
351367,36126.78735632184
351368,3600.914503816794
351369,1684.5852895148669
351370,11944.99319727891
351371,204921.47222222222
351372,6140.158392434988
351373,109987.36061381074
351374,23972.368852459018
351375,15685.931034482759
351376,218442.50537634408
351377,23972.368852459018
351378,315313.8535645472
351379,109987.36061381074
351380,109987.36061381074
351381,76407.25274725274
351382,1684.5852895148669
351383,15716.886206896552
351384,15716.886206896552
351385,76407.25274725274
351386,6801.507128309572
351387,41734.89032258064
351388,76407.25274725274
351389,126598.91379310345
351390,109987.36061381074
351391,23972.368852459018
351392,613.6132352941177
351393,76407.25274725274
351394,36126.78735632184
351395,6801.507128309572
351396,76407.25274725274
351397,109987.36061381074
351398,149214.98155339807
351399,11445.323108384458
351400,299.1394769613948
351401,3600.914503816794
351402,6140.158392434988
351403,15716.886206896552
351404,23972.368852459018
351405,1684.5852895148669
351406,6140.158392434988
351407,11944.99319727891
351408,6140.158392434988
351409,3614.7162162162163
351410,76407.25274725274
351411,218442.50537634408
351412,23972.368852459018
351413,939556.633776091
351414,218442.50537634408
351415,23972.368852459018
351416,149214.98155339807
351417,613.6132352941177
351418,149214.98155339807
351419,1350673.0694444445
351420,23972.368852459018
351421,531051.8717948718
351422,531051.8717948718
351423,531051.8717948718
351424,1350673.0694444445
351425,109987.36061381074
351426,109987.36061381074
351427,2762.7795698924733
351428,5689.601485148515
351429,128.03617021276597
351430,14442.866877971474
351431,76407.25274725274
351432,3600.914503816794
351433,41923.651162790695
351434,362966.6833976834
351435,76407.25274725274
351436,531051.8717948718
351437,218442.50537634408
351438,76407.25274725274
351439,41923.651162790695
351440,613.6132352941177
351441,15716.886206896552
351442,218442.50537634408
351443,777879.314148681
351444,315313.8535645472
351445,15716.886206896552
351446,23972.368852459018
351447,76407.25274725274
351448,11944.99319727891
351449,109987.36061381074
351450,2762.7795698924733
351451,76407.25274725274
351452,11445.323108384458
351453,2762.7795698924733
351454,2137.8627243928195
351455,109987.36061381074
351456,531051.8717948718
351457,76407.25274725274
351458,3600.914503816794
351459,23972.368852459018
351460,101.44194756554307
351461,11445.323108384458
351462,149214.98155339807
351463,109987.36061381074
351464,218442.50537634408
351465,315313.8535645472
351466,14442.866877971474
351467,11445.323108384458
351468,11944.99319727891
351469,1392.044170890659
351470,3739.4615384615386
351471,41923.651162790695
351472,15716.886206896552
351473,531051.8717948718
351474,23972.368852459018
351475,1350673.0694444445
351476,411.70487364620936
351477,1684.5852895148669
351478,1316.953601953602
351479,76407.25274725274
351480,11445.323108384458
351481,1392.044170890659
351482,3600.914503816794
351483,1392.044170890659
351484,1684.5852895148669
351485,1684.5852895148669
351486,2762.7795698924733
351487,777879.314148681
351488,362966.6833976834
351489,33358.508875739644
351490,315313.8535645472
351491,23972.368852459018
351492,23972.368852459018
351493,1392.044170890659
351494,23972.368852459018
351495,41923.651162790695
351496,76407.25274725274
351497,218442.50537634408
351498,76407.25274725274
351499,128.03617021276597
351500,218442.50537634408
351501,15716.886206896552
351502,15716.886206896552
351503,196.87915936952714
351504,411.70487364620936
351505,11944.99319727891
351506,613.6132352941177
351507,164.7537313432836
351508,109987.36061381074
351509,531051.8717948718
351510,218442.50537634408
351511,531051.8717948718
351512,23972.368852459018
351513,2137.8627243928195
351514,33358.508875739644
351515,531051.8717948718
351516,149214.98155339807
351517,150991.88888888888
351518,531051.8717948718
351519,411.70487364620936
351520,128.03617021276597
351521,196.87915936952714
351522,411.70487364620936
351523,6140.158392434988
351524,41923.651162790695
351525,23972.368852459018
351526,11944.99319727891
351527,411.70487364620936
351528,6140.158392434988
