Num,y
348622,2131.5191213820362
348623,25057.05790137127
348624,394038.7487503886
348625,38420.91414298955
348626,6683.223278389312
348627,144900.2854219675
348628,96037.40394882858
348629,116486.59372998774
348630,120074.01589681208
348631,18119.605316756293
348632,7123.540341397747
348633,60151.2090831399
348634,337525.8557006717
348635,34935.30345471203
348636,2649.463120360393
348637,270644.0187353641
348638,157187.97387847304
348639,602260.1459411243
348640,630596.6937900782
348641,2508.3667808552273
348642,166289.0971327573
348643,109947.7289148122
348644,1529.1974051213474
348645,31253.74736843258
348646,10801.279417059151
348647,209193.30918309093
348648,11104.571423711255
348649,116769.55286738276
348650,11701.811119521037
348651,25250.080151308328
348652,25703.56661504507
348653,222630.84604233503
348654,22416.43572887592
348655,26378.110837705433
348656,12290.454767057672
348657,4386.9627791419625
348658,59137.111310601234
348659,5851.299866016023
348660,4314.781858636998
348661,15489.858122967184
348662,7558.984614511952
348663,19542.208000563085
348664,1417697.7775382996
348665,102138.41780038923
348666,556404.3255877197
348667,1488188.525740534
348668,97403.52094770968
348669,37586.63301564535
348670,32813.92821922526
348671,25143.302038241178
348672,56527.87066322565
348673,559.2407315171076
348674,806.0028416459973
348675,3764666.2770204544
348676,501680.31135621667
348677,10795.274869911373
348678,69101.82030957937
348679,362107.9141319096
348680,19568.966130273417
348681,1090.8148341849446
348682,37579.15562830679
348683,2404.165836193133
348684,1138.049518365413
348685,16652.969763450325
348686,180825.93029403687
348687,16700.385623253882
348688,165367.26767218113
348689,13321.633892148733
348690,991.365715533495
348691,222034.83204653888
348692,27632.321563377976
348693,165442.7752421312
348694,167898.95588709787
348695,152887.1294645965
348696,135295.3525148034
348697,117542.95693061501
348698,2158.1607890410814
348699,19181.660909622908
348700,14488.939734669751
348701,84759.82088837028
348702,9266.793362842873
348703,71612.1968373768
348704,90810.85755002499
348705,162986.52149653435
348706,135236.09764057398
348707,36419.93343704939
348708,9065.601456439472
348709,79423.42663118243
348710,81515.29769725353
348711,37533.06663789973
348712,7493.108682928607
348713,149637.3597986102
348714,159520.37549445033
348715,224479.5628466606
348716,13446.812357351184
348717,187.0199247136502
348718,3057.414660481736
348719,4949.012842446566
348720,15109.544589987025
348721,410773.521078825
348722,1502.2806687415577
348723,791.4510281319381
348724,18407.118391720578
348725,9561.350479543209
348726,7729.917340487242
348727,89954.51752872765
348728,296522.6572756757
348729,39470.32761268271
348730,1445818.1739873886
348731,423918.4543555379
348732,31917.105381168425
348733,206940.36528896168
348734,1103.834639302455
348735,3127971.2228810787
348736,63165.51409436762
348737,50635.63090698421
348738,985079.6175713539
348739,823939.3422140181
348740,810992.594797492
348741,1633613.3683896065
348742,162672.84010855854
348743,142816.1871117819
348744,2872.8714533858
348745,13258.267137536546
348746,1692.262094134232
348747,15102.288407860324
348748,90696.76411028206
348749,4175.283431160264
348750,33445.68525406718
348751,541496.3119904697
348752,132200.97364871204
348753,717196.6260215864
348754,337133.97990908474
348755,125163.05513978936
348756,77407.24182030186
348757,758.5663323048502
348758,22607.661503702402
348759,318171.7634336725
348760,825503.8703845069
348761,381428.58863313124
348762,22249.757155620493
348763,31930.49449536018
348764,284.5439478699118
348765,11164.666475629434
348766,158647.18254454248
348767,3036.8894016500562
348768,271.77995918120723
348769,104824.54835418612
348770,13326.624507672968
348771,1550.3851683819958
348772,1043.5567452644464
348773,185391.23351740837
348774,1026364.6702355146
348775,2710.9140016753227
348776,12187.878641948104
348777,224.281493441551
348778,18222.843006663374
348779,107498.29689946026
348780,209804.21552732587
348781,144300.56017016433
348782,359195.11645774543
348783,469777.3433652669
348784,19096.644231393933
348785,12413.850785292685
348786,28363.286974601448
348787,671.2642879895866
348788,1091.6534411869943
348789,85066.62637219205
348790,25440.71589815989
348791,781029.7298241854
348792,532269.0677835494
348793,880.3680222547846
348794,614.3019326697104
348795,-243.63720677327365
348796,2352.119776148582
348797,1785.262424891116
348798,103445.64949308336
348799,11422.974353252386
348800,1777.6751022532117
348801,4678.987043126486
348802,2175.0486488698516
348803,1518.9749112121062
348804,3488.4913713429123
348805,5966.288927323185
348806,984625.1578260064
348807,27750.83085808158
348808,1556469.3853527308
348809,493184.6892735064
348810,21622.514489859343
348811,23361.76461713016
348812,5755.6354271080345
348813,41672.45274506183
348814,62589.05403173901
348815,114975.62096367963
348816,258384.0735552609
348817,97567.20242936164
348818,5651.596510808915
348819,374005.33570475876
348820,30498.264584039338
348821,992.9995021299692
348822,1550.5838644241448
348823,23545.36447206512
348824,7389.8861921057105
348825,9938.45888055861
348826,653.7186919199594
348827,198.1343259519781
348828,139276.63133606315
348829,786527.2407436967
348830,356799.81178319454
348831,739462.2640140057
348832,29762.574030790478
348833,5040.940061500296
348834,36563.022604966536
348835,162495.82467497466
348836,664711.331755071
348837,362.49042659276165
348838,435.24448374158237
348839,444.6024840764003
348840,8514.515271062963
348841,44447.784850016236
348842,22221.21203910932
348843,618.342112146318
348844,6685.131468871667
348845,258724.99823394418
348846,649818.9889008999
348847,24291.458205316216
349519,2193.2172502886388
349520,24973.86803184636
349521,389855.65338373184
349522,38420.27355832141
349523,6569.6029784497805
349524,148724.5608881414
349525,96931.16267673671
349526,116704.25909501314
349527,121624.76010878384
349528,18372.867043050006
349529,7135.283199258149
349530,61687.27961961925
349531,341338.7621874213
349532,35842.4207168594
349533,2712.7047688362654
349534,271978.2390656322
349535,157867.39023302495
349536,605564.3950887732
349537,634218.5025426447
349538,2552.943178021582
349539,165977.45529794693
349540,109661.81190231442
349541,1534.0587843052926
349542,31216.03017015755
349543,10773.765500235138
349544,209303.1986041665
349545,11160.804722184315
349546,114654.4915549159
349547,11884.495783241466
349548,25645.679763089865
349549,26077.46208704263
349550,227062.35948628187
349551,22745.684347311035
349552,26823.688624124974
349553,12508.97311009653
349554,4750.654991682619
349555,59228.919938497245
349556,5953.615540214814
349557,4177.465022799559
349558,16359.998465240002
349559,7796.036590710282
349560,20790.93363466859
349561,1435286.6161222458
349562,101868.9890158847
349563,559844.5922868848
349564,1492202.963961482
349565,98293.35672153533
349566,37749.812001303086
349567,32768.83610797487
349568,25095.457478089258
349569,56401.105439826846
349570,559.566920254867
349571,796.5577023725782
349572,3747466.1833348274
349573,500996.84955975413
349574,11343.621591873467
349575,68471.17517770827
349576,365705.78879868984
349577,19922.316884987056
349578,1004.7100993311033
349579,37940.7589502465
349580,2235.394716107752
349581,1075.6241258354858
349582,16846.497208874673
349583,176789.32517707348
349584,17394.339840851724
349585,145114.2399098873
349586,12298.16721738875
349587,541.8362559229136
349588,221688.1731680957
349589,27467.468817725778
349590,166717.26052509248
349591,168841.4930279106
349592,153718.12312363088
349593,135391.62886588275
349594,119628.3472115323
349595,2173.9787018422503
349596,19342.743529516738
349597,14609.755859944213
349598,88346.74073311687
349599,9511.099381085485
349600,72133.75659666955
349601,93467.4510819614
349602,170452.82330048084
349603,140403.54733410478
349604,35395.256652116776
349605,9142.746573873213
349606,79007.37583316863
349607,83513.58334507793
349608,37958.04748015478
349609,7507.082358044572
349610,146851.2906729281
349611,156299.665445894
349612,221932.83549326658
349613,13385.776905080304
349614,165.29592565799067
349615,3095.696772619849
349616,4652.692996092141
349617,15272.54564879369
349618,405979.95097720623
349619,1334.7125596911646
349620,780.9335612145951
349621,17155.74061900936
349622,9155.415069650859
349623,7322.15570415929
349624,89899.09270498157
349625,293059.81004148815
349626,39264.70921640331
349627,1435445.6947860718
349628,421343.8488448858
349629,29417.658104024827
349630,207444.9487262182
349631,1095.4035321804695
349632,3182887.3990266323
349633,62360.55179525912
349634,49974.65754427016
349635,992688.1128668189
349636,834308.5984834433
349637,816944.6006432176
349638,1663798.8013148308
349639,164296.66585053504
349640,144014.3286428838
349641,2957.7584151171613
349642,13532.570591432974
349643,1730.612188438652
349644,15414.470528971404
349645,92195.46962535381
349646,4242.7360318508
349647,34141.857676211745
349648,550805.4486359358
349649,133095.7322677672
349650,720853.7853492945
349651,338627.96198978275
349652,126144.84043645486
349653,77819.38100071251
349654,947.6469342689961
349655,22618.157749177888
349656,318360.12792562693
349657,828600.9170711786
349658,382989.3519645408
349659,22394.81453234027
349660,32182.805822324008
349661,291.5815430507064
349662,11395.642012475058
349663,159937.88372400962
349664,3230.693810030818
349665,281.7666625797283
349666,104945.10507674143
349667,13401.808053658577
349668,1573.4865267730493
349669,1053.61543274601
349670,186435.86785961315
349671,1038339.646189332
349672,2729.8153450773098
349673,13142.747091948986
349674,229.57137308985693
349675,18227.67237899045
349676,108813.67632107437
349677,211676.40099770576
349678,144946.59481672943
349679,359996.33575358987
349680,469377.85449774563
349681,19430.854567665607
349682,12674.177494565025
349683,30061.90693677962
349684,1008.38894790411
349685,1536.0235020406544
349686,86606.40662789717
349687,26066.844798512757
349688,804579.8727365732
349689,534522.7484032214
349690,891.1984030517633
349691,613.2005029246793
349692,-236.68598480592482
349693,2395.1496699834242
349694,1813.4840329064173
349695,104317.18334922194
349696,11545.259954835521
349697,1804.9354791801888
349698,4738.017362029408
349699,2188.759465861367
349700,1525.8076169285923
349701,3505.369431669824
349702,6009.414654919412
349703,987449.566547364
349704,27645.109935581684
349705,1572888.5114837885
349706,502882.6154412329
349707,21515.101645961404
349708,23400.873282220215
349709,6001.704036505893
349710,42868.94480014127
349711,62622.18610472232
349712,116940.71815828048
349713,260526.48208765686
349714,98209.43810937554
349715,5852.001414470375
349716,374990.6543157995
349717,30611.518941650167
349718,1004.829178595799
349719,1582.9265007316135
349720,23607.80840965733
349721,7967.547396756709
349722,10380.875688500702
349723,656.6207361232082
349724,196.09540788986487
349725,140794.03706098348
349726,793139.2582141161
349727,359740.8245482445
349728,747019.7084652781
349729,30216.567869711667
349730,5209.813568428159
349731,36914.48455759883
349732,162302.83009244967
349733,664560.180024677
349734,380.3841550365323
349735,460.61273809161503
349736,468.8981251544319
349737,8647.953411604278
349738,46532.793993622065
349739,23125.970861710608
349740,635.3333806387964
349741,6688.605998919025
349742,259873.4045934379
349743,649505.2654972672
349744,24924.42059512064
349745,25103.789909394458
349746,398694.60057610273
349747,38377.24525590986
349748,6894.553687825333
349749,137568.38151210546
349750,93708.56434513628
349751,115605.11031261832
349752,116348.8269603476
349753,17645.987567462027
349754,7245.627192636952
349755,57994.822389662266
349756,332906.8394334316
349757,33713.18826302886
349758,1397576.978786707
349759,2003.6001558935386
349760,2530.944409732241
349761,266462.1448119432
349762,154966.23930229247
349763,595291.9818803342
349764,622091.5872075856
349765,2424.588677899679
349766,165731.66626104712
349767,110060.51096963137
349768,1514.771060201514
349769,31111.349890202284
349770,10878.650521183852
349771,207076.99590864778
349772,10927.042625657283
349773,17547.40826448798
349774,10790.002025984228
349775,24467.196146616712
349776,25097.57297862321
349777,216408.23616844416
349778,21880.750992225483
349779,25760.13543576002
349780,11914.839288661256
349781,3886.807892140001
349782,58712.42264819518
349783,5703.377497768961
349784,4603.581106305937
349785,14023.919994428754
349786,7207.530503071845
349787,10063.161634780467
349788,11483.003567537293
349789,102345.43640875071
349790,550029.1556812525
349791,1478437.49563545
349792,96924.16300366819
349793,37238.83568208227
349794,32820.86342276633
349795,25406.439388029277
349796,56610.98994776979
349797,558.2402853937965
349798,828.0860345819965
349799,3773804.817364216
349800,500933.9990018606
349801,27696.104141864926
349802,162915.71829517558
349803,356455.49760106206
349804,18907.177590079606
349805,1229.0993631407619
349806,36693.7269157581
349807,2722.837406436447
349808,1294.8609970905818
349809,16142.928821319714
349810,180047.66947221756
349811,15642.514651581645
349812,199877.98182797432
349813,14212.384340792894
349814,2810.0090904682875
349815,222768.50896075583
349816,1097.3990368791856
349817,69633.27799834311
349818,166212.4386079572
349819,151595.1066198796
349820,134203.16426199675
349821,2138.9530407257844
349822,18865.356096353848
349823,14235.083648935368
349824,79366.51949042082
349825,8914.227305436507
349826,86214.48023352027
349827,150312.97745609283
349828,126165.65699285269
349829,70183.0543322824
349830,14823.28232689295
349831,416893.942158103
349832,8897.644358331629
349833,79381.84520287812
349834,77873.91005464643
349835,36870.79582086578
349836,7528.62328442838
349837,154065.13787055016
349838,164641.9398036301
349839,227574.2274363935
349840,13660.301103129983
349841,233.32462527301504
349842,2959.0967790437862
349843,5340.366920165718
349844,119565.14543759823
349845,37562.86378067732
349846,1896.202382825315
349847,817.4376777857542
349848,20953.39947281964
349849,10090.533227343112
349850,8329.349132329226
349851,88804.43481484056
349852,303889.37979882746
349853,39900.58414567495
349854,1454687.1352961063
349855,426176.74960267544
349856,37713.2003236264
349857,205965.8123516962
349858,3028361.4756867886
349859,66051.97259140015
349860,52779.61058615148
349861,973736.2385430336
349862,804544.0429874659
349863,801354.7004547715
349864,1583135.1532797813
349865,160341.84531225264
349866,140297.4686050606
349867,2699.787931669038
349868,12691.474535140675
349869,1632.7098688010592
349870,14511.613990005106
349871,88512.89627736807
349872,4060.7567113623954
349873,32298.278126224875
349874,524277.50255456567
349875,130690.02128075063
349876,709708.583837729
349877,333591.92517413944
349878,122901.61368113197
349879,76296.38878321648
349880,501.0128530450165
349881,22486.76302967593
349882,318043.01326620206
349883,819373.9067855701
349884,378424.7896874398
349885,21925.318527588854
349886,31535.247879561037
349887,273.26820693857735
349888,18201.31287865911
349889,2646.4987381207757
349890,104384.5940073803
349891,156011.55782751366
349892,13172.31122991303
349893,1500.4091895331221
349894,1020.6192590133287
349895,183495.89393034205
349896,1005837.6562834978
349897,113642.50103869289
349898,2688.0538826570846
349899,11019.501190513372
349900,217.9956030396861
349901,256.22044900339097
349902,105212.66575815529
349903,206403.4324009195
349904,143074.1044989042
349905,356805.45049544424
349906,469513.3459048271
349907,18600.131101325154
349908,11963.015170637518
349909,25404.95988483727
349910,86.16836856864393
349911,369.84099315851927
349912,82141.63931795955
349913,24344.021960724145
349914,739599.7149516344
349915,5885.669143839739
349916,860.4762242626166
349917,611.4134778434527
349918,-245.34033545316197
349919,-233.89732050104067
349920,2249.285944578238
349921,1720.6296456470154
349922,102056.45391263813
349923,11165.697098509932
349924,1733.455025292933
349925,4561.679744652472
349926,2166.0529134674
349927,1512.8217388223857
349928,3480.9833353129216
349929,27806.828688086942
349930,976533.8825913668
349931,526663.0942183137
349932,1527743.416238308
349933,475262.3352393806
349934,22397.5320533067
349935,23509.906495131552
349936,5336.262380298227
349937,39164.54539753776
349938,62393.62441860512
349939,110674.39698841795
349940,255018.11988303065
349941,96612.79419168085
349942,370658.52481111884
349943,974.1805986996042
349944,30280.22599807661
349945,23367.981668397784
349946,6657.938303500414
349947,9576.490634649992
349948,650.2177216655691
349949,201.04192020141636
349950,136747.46118121594
349951,777699.1850115061
349952,352058.71341726184
349953,727823.8021693826
349954,29018.15594271943
349955,4771.528557997197
349956,35930.008621774614
349957,162944.98822266283
349958,1501.6969005828723
349959,331.9931901344098
349960,391.0707118061837
349961,402.123263696325
349962,8278.296167526394
349963,41184.437183097005
349964,20485.43041579798
349965,665106.07281972
349966,652540.7400433123
349967,257812.29009744525
349968,23255.079329818487
349969,587.0489014486084
349970,6675.312464856805
350191,2134.7952510719188
350192,24824.54606220685
350193,386530.10632640123
350194,38339.25858247653
350195,6633.222222398035
350196,146186.2350975424
350197,95221.78155373037
350198,115717.80331605673
350199,119231.20835009962
350200,18226.417816090398
350201,7389.784116862342
350202,62098.13851420581
350203,343689.43993908167
350204,36178.15299496055
350205,2675.6775573773775
350206,268147.0079743564
350207,155749.14542903006
350208,602222.5498722419
350209,628982.3386196643
350210,2526.410326723475
350211,164089.37422972918
350212,109061.83976200223
350213,1521.5699612114113
350214,30851.59710517153
350215,10836.689156167675
350216,205773.57057470083
350217,10997.016171005554
350218,113773.86801302433
350219,12001.655965700746
350220,25338.771625080146
350221,26030.34715374559
350222,228244.9448928237
350223,22700.471780274063
350224,26956.54877159372
350225,12442.527852535248
350226,4866.813123010099
350227,58716.90665081516
350228,5973.203749540262
350229,4314.927058036905
350230,16149.401835352182
350231,7825.570814918727
350232,20686.33120249957
350233,1448282.649851799
350234,101486.35238413513
350235,557961.1426531225
350236,1485811.6116838455
350237,99927.771574229
350238,37578.105764288906
350239,32654.52994146757
350240,25438.139507606626
350241,56195.16942914575
350242,558.6700516028177
350243,810.037139464257
350244,3715642.975983143
350245,497719.87395325303
350246,11558.628261864185
350247,67660.6107184887
350248,365576.86319103837
350249,19716.182314204052
350250,1013.2559892134741
350251,37352.17836810835
350252,2338.532895391807
350253,1184.4087232723832
350254,16465.89053368941
350255,164018.87821650505
350256,17428.173628374934
350257,150723.69297218323
350258,11033.962265849113
350259,2575.7870332598686
350260,222043.53888557508
350261,27119.281610343605
350262,165719.66534925997
350263,168434.5004111603
350264,153712.84095605463
350265,133681.38824419677
350266,118421.33097814769
350267,2183.647681811359
350268,19222.26356702624
350269,14489.246476197673
350270,88657.00635832548
350271,9559.02899507247
350272,71009.02251047269
350273,92605.40775036812
350274,168473.5391394496
350275,138491.23486089706
350276,34585.08384141326
350277,9055.164887528168
350278,77761.21106350422
350279,82531.39287212491
350280,37952.60032355413
350281,7610.8244268344715
350282,147043.17077204585
350283,156526.9767318368
350284,220380.0293045938
350285,13601.281437716447
350286,188.15966010713373
350287,3025.0780512373894
350288,4528.758831292391
350289,15211.959202278405
350290,403593.19899588823
350291,1577.7346129105426
350292,798.4761477208813
350293,18253.230050932616
350294,8973.042012408376
350295,7262.070793554187
350296,87656.9585711807
350297,296678.32909760275
350298,39466.56923864095
350299,1422345.9356040955
350300,418195.4778650403
350301,32898.10719144344
350302,207097.03921006434
350303,1060.0052173417062
350304,3156732.453788519
350305,65331.28311301768
350306,52003.757547184825
350307,993521.7811490893
350308,828305.2220225632
350309,816210.6535263062
350310,1657174.4969751835
350311,164637.73465682566
350312,142817.03266978823
350313,2882.662769677234
350314,13276.318470893428
350315,1730.5030480502173
350316,15221.486420043744
350317,92451.33693942428
350318,4224.7993576508015
350319,34019.52079736069
350320,545766.9726862907
350321,132872.75701498985
350322,717561.9817333706
350323,336406.87850607187
350324,124805.41582297534
350325,76964.10040333495
350326,1012.5223582424223
350327,22428.391803437844
350328,318656.6287786402
350329,826196.4571793526
350330,381932.54608630016
350331,22214.486426141113
350332,32175.842182464898
350333,290.9314278847305
350334,11365.975559482351
350335,158788.98437913507
350336,3067.9040197464637
350337,281.64467060542665
350338,104486.29606598243
350339,13333.455606901087
350340,1547.8391374997445
350341,1040.3128484871413
350342,185937.38030421734
350343,1034801.8024161458
350344,2741.535736701684
350345,13710.324623689055
350346,233.05455645459006
350347,18202.2077077009
350348,108369.08460824192
350349,210775.81348956376
350350,144539.78489880078
350351,357916.2200053558
350352,467774.84621191025
350353,19470.65859027207
350354,12588.933907462284
350355,29475.503190778196
350356,895.7104793731123
350357,1477.1317979432642
350358,85633.51524272189
350359,25839.4004814066
350360,795697.1346777678
350361,530695.5958756953
350362,885.591984638013
350363,604.8616918562329
350364,-220.21507582324557
350365,2329.6992571076844
350366,1775.6582338082953
350367,104249.71377595514
350368,11422.679808566405
350369,1801.4321049069986
350370,4691.337173272856
350371,2211.0231226214673
350372,1533.872950236313
350373,3539.244083661586
350374,5984.528695719084
350375,980720.2348896861
350376,27449.19467925839
350377,1566983.8550676107
350378,497661.9845497906
350379,22618.67870476097
350380,23779.641794402152
350381,5933.410093251616
350382,41686.61802595062
350383,62360.9213938117
350384,114668.23904473521
350385,260449.4623170346
350386,98285.413839221
350387,5969.431611657143
350388,371692.38531023264
350389,30534.70178122213
350390,1003.980869070976
350391,1585.2588435176294
350392,23461.7610017471
350393,8265.342969983816
350394,10969.220758236945
350395,658.4363688928715
350396,195.63220980207552
350397,140476.17039696872
350398,795731.5318445563
350399,359416.60352629423
350400,747174.4628046155
350401,30143.751722257584
350402,5196.317935170606
350403,36755.23012955487
350404,162574.50872314256
350405,664850.8829060681
350406,375.4159705891507
350407,451.8690527807921
350408,460.20998064102605
350409,8594.953822262585
350410,46480.376585394144
350411,22523.310411974788
350412,626.3818912506104
350413,6680.572081396502
350414,261449.3516216576
350415,653559.5418869555
350416,24825.6127076149
350417,25057.05790137127
350418,394038.7487503886
350419,38420.91414298955
350420,6683.223278389312
350421,144900.2854219675
350422,96037.40394882858
350423,116486.59372998774
350424,120074.01589681208
350425,18119.605316756293
350426,7123.540341397747
350427,60151.2090831399
350428,337525.8557006717
350429,34935.30345471203
350430,1417697.7775382996
350431,2131.5191213820362
350432,2649.463120360393
350433,270644.0187353641
350434,157187.97387847304
350435,602260.1459411243
350436,630596.6937900782
350437,2508.3667808552273
350438,166289.0971327573
350439,109947.7289148122
350440,1529.1974051213474
350441,31253.74736843258
350442,10801.279417059151
350443,209193.30918309093
350444,11104.571423711255
350445,19542.208000563085
350446,11164.666475629434
350447,25250.080151308328
350448,25703.56661504507
350449,222630.84604233503
350450,22416.43572887592
350451,26378.110837705433
350452,12290.454767057672
350453,4386.9627791419625
350454,59137.111310601234
350455,5851.299866016023
350456,4314.781858636998
350457,15489.858122967184
350458,7558.984614511952
350459,10795.274869911373
350460,11701.811119521037
350461,102138.41780038923
350462,556404.3255877197
350463,1488188.525740534
350464,97403.52094770968
350465,37586.63301564535
350466,32813.92821922526
350467,25143.302038241178
350468,56527.87066322565
350469,559.2407315171076
350470,806.0028416459973
350471,3764666.2770204544
350472,501680.31135621667
350473,27632.321563377976
350474,165442.7752421312
350475,362107.9141319096
350476,19568.966130273417
350477,1090.8148341849446
350478,37579.15562830679
350479,2404.165836193133
350480,1138.049518365413
350481,16652.969763450325
350482,180825.93029403687
350483,16700.385623253882
350484,165367.26767218113
350485,13321.633892148733
350486,991.365715533495
350487,222034.83204653888
350488,1103.834639302455
350489,69101.82030957937
350490,167898.95588709787
350491,152887.1294645965
350492,135295.3525148034
350493,2158.1607890410814
350494,19181.660909622908
350495,14488.939734669751
350496,84759.82088837028
350497,9266.793362842873
350498,90810.85755002499
350499,162986.52149653435
350500,135236.09764057398
350501,71612.1968373768
350502,15109.544589987025
350503,410773.521078825
350504,9065.601456439472
350505,79423.42663118243
350506,81515.29769725353
350507,37533.06663789973
350508,7493.108682928607
350509,149637.3597986102
350510,159520.37549445033
350511,224479.5628466606
350512,13446.812357351184
350513,187.0199247136502
350514,3057.414660481736
350515,4949.012842446566
350516,116769.55286738276
350517,36419.93343704939
350518,1502.2806687415577
350519,791.4510281319381
350520,18407.118391720578
350521,9561.350479543209
350522,7729.917340487242
350523,89954.51752872765
350524,296522.6572756757
350525,39470.32761268271
350526,1445818.1739873886
350527,423918.4543555379
350528,31917.105381168425
350529,206940.36528896168
350530,3127971.2228810787
350531,63165.51409436762
350532,50635.63090698421
350533,985079.6175713539
350534,823939.3422140181
350535,810992.594797492
350536,1633613.3683896065
350537,162672.84010855854
350538,142816.1871117819
350539,2872.8714533858
350540,13258.267137536546
350541,1692.262094134232
350542,15102.288407860324
350543,90696.76411028206
350544,4175.283431160264
350545,33445.68525406718
350546,541496.3119904697
350547,132200.97364871204
350548,717196.6260215864
350549,337133.97990908474
350550,125163.05513978936
350551,77407.24182030186
350552,758.5663323048502
350553,22607.661503702402
350554,318171.7634336725
350555,825503.8703845069
350556,381428.58863313124
350557,22249.757155620493
350558,31930.49449536018
350559,284.5439478699118
350560,18222.843006663374
350561,3036.8894016500562
350562,104824.54835418612
350563,158647.18254454248
350564,13326.624507672968
350565,1550.3851683819958
350566,1043.5567452644464
350567,185391.23351740837
350568,1026364.6702355146
350569,117542.95693061501
350570,2710.9140016753227
350571,12187.878641948104
350572,224.281493441551
350573,271.77995918120723
350574,107498.29689946026
350575,209804.21552732587
350576,144300.56017016433
350577,359195.11645774543
350578,469777.3433652669
350579,19096.644231393933
350580,12413.850785292685
350581,28363.286974601448
350582,671.2642879895866
350583,1091.6534411869943
350584,85066.62637219205
350585,25440.71589815989
350586,781029.7298241854
350587,5966.288927323185
350588,880.3680222547846
350589,614.3019326697104
350590,-243.63720677327365
350591,-245.25484240351943
350592,2352.119776148582
350593,1785.262424891116
350594,103445.64949308336
350595,11422.974353252386
350596,1777.6751022532117
350597,4678.987043126486
350598,2175.0486488698516
350599,1518.9749112121062
350600,3488.4913713429123
350601,27750.83085808158
350602,984625.1578260064
350603,532269.0677835494
350604,1556469.3853527308
350605,493184.6892735064
350606,21622.514489859343
350607,23361.76461713016
350608,5755.6354271080345
350609,41672.45274506183
350610,62589.05403173901
350611,114975.62096367963
350612,258384.0735552609
350613,97567.20242936164
350614,374005.33570475876
350615,992.9995021299692
350616,30498.264584039338
350617,23545.36447206512
350618,7389.8861921057105
350619,9938.45888055861
350620,653.7186919199594
350621,198.1343259519781
350622,139276.63133606315
350623,786527.2407436967
350624,356799.81178319454
350625,739462.2640140057
350626,29762.574030790478
350627,5040.940061500296
350628,36563.022604966536
350629,162495.82467497466
350630,1550.5838644241448
350631,362.49042659276165
350632,435.24448374158237
350633,444.6024840764003
350634,8514.515271062963
350635,44447.784850016236
350636,22221.21203910932
350637,664711.331755071
350638,649818.9889008999
350639,258724.99823394418
350640,24291.458205316216
350641,618.342112146318
350642,6685.131468871667
350643,264368.5347047001
350644,56293.33083806932
350645,2452.9619107539766
350646,1924.2427771246876
350647,25177.257484260947
350648,403003.76690268517
350649,38366.06974049192
350650,132808.7193865478
350651,92432.1095797494
350652,115210.42319048196
350653,114218.21899726242
350654,17333.963036743924
350655,7269.572984965518
350656,422041.3464025259
350657,153875.52970156074
350658,591010.6688315766
350659,617167.5391451269
350660,2369.558279345045
350661,165811.55064812303
350662,110300.25771857798
350663,1507.3589714739937
350664,31101.035528615117
350665,10919.459959076717
350666,206432.0492157936
350667,10838.463201028295
350668,121861.68545287848
350669,79675.85825195909
350670,545806.2321668863
350671,211499.08726984262
350672,21496.451619671658
350673,25268.584014371037
350674,11654.427521903068
350675,3486.7248909920454
350676,58531.84420090541
350677,5588.899790480733
350678,4781.294075722457
350679,12994.89700255543
350680,6939.970668692142
350681,16099.725479401648
350682,11290.68593717739
350683,102598.22214022279
350684,328878.9659549594
350685,1472893.2683833092
350686,96143.79021662474
350687,37026.42413303344
350688,32855.780151132494
350689,25511.696529505774
350690,56726.116016793996
350691,557.7342910199623
350692,840.9013902241713
350693,3788855.119653702
350694,501236.17991638184
350695,9465.8095099926
350696,1379312.9370558262
350697,32722.069840051234
350698,70237.47260600328
350699,18471.57508196123
350700,1329.1189935067669
350701,36192.43397444114
350702,2931.582795051858
350703,1382.4565258747898
350704,15864.996055578813
350705,182800.28415572643
350706,14851.513987265527
350707,223933.13682818413
350708,15200.459300205112
350709,3624.6430393606424
350710,223218.37475333252
350711,27834.004293322563
350712,352309.7339313328
350713,165071.50271784887
350714,150641.16933760047
350715,133841.30598805845
350716,2122.231153353583
350717,18662.880047465675
350718,14078.7894774038
350719,75297.8880750835
350720,8641.0513547007
350721,69419.4675720334
350722,83040.60047721863
350723,141458.0494055748
350724,119957.38848719001
350725,23968.31859068293
350726,832.0803442205652
350727,75437.45493973792
350728,36382.536361623555
350729,7527.846752192825
350730,157289.00497609377
350731,168369.55465850234
350732,230267.07436582446
350733,13761.991596040316
350734,261.60361173219553
350735,2904.8048019523267
350736,5662.029745008796
350737,14627.41094331909
350738,38619.07549098134
350739,2124.1326841223054
350740,8796.282218884968
350741,22550.091836081818
350742,10529.335264228284
350743,8788.223852422088
350744,88538.3844063729
350745,308393.28167257516
350746,40166.10726665403
350747,1464658.6682167053
350748,428667.0039896965
350749,41091.771571941674
350750,205335.90115875565
350751,1101.8656072774902
350752,161307.20709036663
350753,2961526.770885706
350754,53836.060364469886
350755,965131.7539419532
350756,791767.7928460836
350757,794419.7709661126
350758,1547538.2014203072
350759,158529.4373102337
350760,138747.16603253037
350761,2591.381407664274
350762,12339.172384429723
350763,1588.705757592572
350764,14125.165741994977
350765,86831.47708497941
350766,3980.750756255351
350767,67412.0118624121
350768,512859.07681903243
350769,129630.94097780436
350770,705029.8349161409
350771,331551.7792482823
350772,121578.57978253253
350773,75697.92210810632
350774,293.67244478315115
350775,22446.825589554384
350776,317870.54625162855
350777,815468.0657627136
350778,376479.2090116963
350779,21732.42517504911
350780,31244.819698296487
350781,103638.54726842046
350782,24661.78340063989
350783,154362.2030577045
350784,2400.2702593361028
350785,104178.86284814775
350786,13076.025991815492
350787,1470.141119543201
350788,1007.1261551586213
350789,182224.40023006126
350790,991582.0903577805
350791,111073.08339122683
350792,2668.0968442296144
350793,10007.695845738053
350794,265.10041651077336
350795,10520.708664348349
350796,204123.61257644743
350797,142273.28775610775
350798,355580.6367839426
350799,469735.90147687495
350800,18222.63913744688
350801,11651.885050615296
350802,23370.41117171198
350803,-317.08330900780857
350804,-148.51521300151944
350805,80232.46304993331
350806,23592.406491559
350807,711281.5089528561
350808,31481.773995425552
350809,1508042.398387432
350810,611.4509166725911
350811,2190.308008801425
350812,1682.6981939676916
350813,101046.87411499023
350814,11007.412988669937
350815,1701.671969463816
350816,4487.108580955188
350817,2153.5994772065897
350818,1506.1702456881758
350819,3466.6039990857244
350820,5832.544797448674
350821,972304.947492063
350822,523515.45058347285
350823,27899.289848860353
350824,463371.18358302116
350825,22682.976452834904
350826,23520.73232646659
350827,5043.978311832994
350828,37618.335466365796
350829,62317.21211901121
350830,108086.31994851492
350831,252549.42599307
350832,95887.31079869717
350833,5192.8453271351755
350834,369043.46208299696
350835,18192.029880666756
350836,30139.028609758243
350837,1464.942353632301
350838,847.2294162711478
350839,23274.886741484515
350840,647.1559605917428
350841,203.3124899706454
350842,134960.24610636383
350843,770496.211953938
350844,348637.6680364907
350845,719178.0642207265
350846,28486.714058037847
350847,4575.8443719260395
350848,35503.4645965863
350849,665322.1830305476
350850,163206.2959222719
350851,256726.73787915707
350852,653496.6172720492
350853,960.4870903692208
350854,310.7384576824261
350855,360.68755050294567
350856,372.97856925602537
350857,8117.449211265892
350858,38785.198025494814
350859,22514.53701673448
350860,19359.060993924737
350861,566.2437039277866
350862,6670.14604058367
350863,24973.86803184636
350864,389855.65338373184
350865,38420.27355832141
350866,6569.6029784497805
350867,148724.5608881414
350868,96931.16267673671
350869,116704.25909501314
350870,121624.76010878384
350871,18372.867043050006
350872,7135.283199258149
350873,61687.27961961925
350874,341338.7621874213
350875,35842.4207168594
350876,1435286.6161222458
350877,2193.2172502886388
350878,2712.7047688362654
350879,271978.2390656322
350880,157867.39023302495
350881,605564.3950887732
350882,634218.5025426447
350883,2552.943178021582
350884,165977.45529794693
350885,109661.81190231442
350886,1534.0587843052926
350887,31216.03017015755
350888,10773.765500235138
350889,209303.1986041665
350890,11160.804722184315
350891,20790.93363466859
350892,11395.642012475058
350893,25645.679763089865
350894,26077.46208704263
350895,227062.35948628187
350896,22745.684347311035
350897,26823.688624124974
350898,12508.97311009653
350899,4750.654991682619
350900,59228.919938497245
350901,5953.615540214814
350902,4177.465022799559
350903,16359.998465240002
350904,7796.036590710282
350905,11343.621591873467
350906,11884.495783241466
350907,101868.9890158847
350908,559844.5922868848
350909,1492202.963961482
350910,98293.35672153533
350911,37749.812001303086
350912,32768.83610797487
350913,25095.457478089258
350914,56401.105439826846
350915,559.566920254867
350916,796.5577023725782
350917,3747466.1833348274
350918,500996.84955975413
350919,27467.468817725778
350920,166717.26052509248
350921,365705.78879868984
350922,19922.316884987056
350923,1004.7100993311033
350924,37940.7589502465
350925,2235.394716107752
350926,1075.6241258354858
350927,16846.497208874673
350928,176789.32517707348
350929,17394.339840851724
350930,145114.2399098873
350931,12298.16721738875
350932,541.8362559229136
350933,221688.1731680957
350934,1095.4035321804695
350935,68471.17517770827
350936,168841.4930279106
350937,153718.12312363088
350938,135391.62886588275
350939,2173.9787018422503
350940,19342.743529516738
350941,14609.755859944213
350942,88346.74073311687
350943,9511.099381085485
350944,93467.4510819614
350945,170452.82330048084
350946,140403.54733410478
350947,72133.75659666955
350948,15272.54564879369
350949,405979.95097720623
350950,9142.746573873213
350951,79007.37583316863
350952,83513.58334507793
350953,37958.04748015478
350954,7507.082358044572
350955,146851.2906729281
350956,156299.665445894
350957,221932.83549326658
350958,13385.776905080304
350959,165.29592565799067
350960,3095.696772619849
350961,4652.692996092141
350962,114654.4915549159
350963,35395.256652116776
350964,1334.7125596911646
350965,780.9335612145951
350966,17155.74061900936
350967,9155.415069650859
350968,7322.15570415929
350969,89899.09270498157
350970,293059.81004148815
350971,39264.70921640331
350972,1435445.6947860718
350973,421343.8488448858
350974,29417.658104024827
350975,207444.9487262182
350976,3182887.3990266323
350977,62360.55179525912
350978,49974.65754427016
350979,992688.1128668189
350980,834308.5984834433
350981,816944.6006432176
350982,1663798.8013148308
350983,164296.66585053504
350984,144014.3286428838
350985,2957.7584151171613
350986,13532.570591432974
350987,1730.612188438652
350988,15414.470528971404
350989,92195.46962535381
350990,4242.7360318508
350991,34141.857676211745
350992,550805.4486359358
350993,133095.7322677672
350994,720853.7853492945
350995,338627.96198978275
350996,126144.84043645486
350997,77819.38100071251
350998,947.6469342689961
350999,22618.157749177888
351000,318360.12792562693
351001,828600.9170711786
351002,382989.3519645408
351003,22394.81453234027
351004,32182.805822324008
351005,291.5815430507064
351006,18227.67237899045
351007,3230.693810030818
351008,104945.10507674143
351009,159937.88372400962
351010,13401.808053658577
351011,1573.4865267730493
351012,1053.61543274601
351013,186435.86785961315
351014,1038339.646189332
351015,119628.3472115323
351016,2729.8153450773098
351017,13142.747091948986
351018,229.57137308985693
351019,281.7666625797283
351020,108813.67632107437
351021,211676.40099770576
351022,144946.59481672943
351023,359996.33575358987
351024,469377.85449774563
351025,19430.854567665607
351026,12674.177494565025
351027,30061.90693677962
351028,1008.38894790411
351029,1536.0235020406544
351030,86606.40662789717
351031,26066.844798512757
351032,804579.8727365732
351033,6009.414654919412
351034,891.1984030517633
351035,613.2005029246793
351036,-236.68598480592482
351037,-248.42579686490353
351038,2395.1496699834242
351039,1813.4840329064173
351040,104317.18334922194
351041,11545.259954835521
351042,1804.9354791801888
351043,4738.017362029408
351044,2188.759465861367
351045,1525.8076169285923
351046,3505.369431669824
351047,27645.109935581684
351048,987449.566547364
351049,534522.7484032214
351050,1572888.5114837885
351051,502882.6154412329
351052,21515.101645961404
351053,23400.873282220215
351054,6001.704036505893
351055,42868.94480014127
351056,62622.18610472232
351057,116940.71815828048
351058,260526.48208765686
351059,98209.43810937554
351060,374990.6543157995
351061,1004.829178595799
351062,30611.518941650167
351063,23607.80840965733
351064,7967.547396756709
351065,10380.875688500702
351066,656.6207361232082
351067,196.09540788986487
351068,140794.03706098348
351069,793139.2582141161
351070,359740.8245482445
351071,747019.7084652781
351072,30216.567869711667
351073,5209.813568428159
351074,36914.48455759883
351075,162302.83009244967
351076,1582.9265007316135
351077,380.3841550365323
351078,460.61273809161503
351079,468.8981251544319
351080,8647.953411604278
351081,46532.793993622065
351082,23125.970861710608
351083,664560.180024677
351084,649505.2654972672
351085,259873.4045934379
351086,24924.42059512064
351087,635.3333806387964
351088,6688.605998919025
351089,266462.1448119432
351090,57994.822389662266
351091,2530.944409732241
351092,2003.6001558935386
351093,25103.789909394458
351094,398694.60057610273
351095,38377.24525590986
351096,137568.38151210546
351097,93708.56434513628
351098,115605.11031261832
351099,116348.8269603476
351100,17645.987567462027
351101,7245.627192636952
351102,416893.942158103
351103,154966.23930229247
351104,595291.9818803342
351105,622091.5872075856
351106,2424.588677899679
351107,165731.66626104712
351108,110060.51096963137
351109,1514.771060201514
351110,31111.349890202284
351111,10878.650521183852
351112,207076.99590864778
351113,10927.042625657283
351114,119565.14543759823
351115,79381.84520287812
351116,550029.1556812525
351117,216408.23616844416
351118,21880.750992225483
351119,25760.13543576002
351120,11914.839288661256
351121,3886.807892140001
351122,58712.42264819518
351123,5703.377497768961
351124,4603.581106305937
351125,14023.919994428754
351126,7207.530503071845
351127,17547.40826448798
351128,11483.003567537293
351129,102345.43640875071
351130,332906.8394334316
351131,1478437.49563545
351132,96924.16300366819
351133,37238.83568208227
351134,32820.86342276633
351135,25406.439388029277
351136,56610.98994776979
351137,558.2402853937965
351138,828.0860345819965
351139,3773804.817364216
351140,500933.9990018606
351141,10063.161634780467
351142,1397576.978786707
351143,33713.18826302886
351144,69633.27799834311
351145,18907.177590079606
351146,1229.0993631407619
351147,36693.7269157581
351148,2722.837406436447
351149,1294.8609970905818
351150,16142.928821319714
351151,180047.66947221756
351152,15642.514651581645
351153,199877.98182797432
351154,14212.384340792894
351155,2810.0090904682875
351156,222768.50896075583
351157,27696.104141864926
351158,356455.49760106206
351159,166212.4386079572
351160,151595.1066198796
351161,134203.16426199675
351162,2138.9530407257844
351163,18865.356096353848
351164,14235.083648935368
351165,79366.51949042082
351166,8914.227305436507
351167,70183.0543322824
351168,86214.48023352027
351169,150312.97745609283
351170,126165.65699285269
351171,24467.196146616712
351172,817.4376777857542
351173,77873.91005464643
351174,36870.79582086578
351175,7528.62328442838
351176,154065.13787055016
351177,164641.9398036301
351178,227574.2274363935
351179,13660.301103129983
351180,233.32462527301504
351181,2959.0967790437862
351182,5340.366920165718
351183,14823.28232689295
351184,37562.86378067732
351185,1896.202382825315
351186,8897.644358331629
351187,20953.39947281964
351188,10090.533227343112
351189,8329.349132329226
351190,88804.43481484056
351191,303889.37979882746
351192,39900.58414567495
351193,1454687.1352961063
351194,426176.74960267544
351195,37713.2003236264
351196,205965.8123516962
351197,1097.3990368791856
351198,162915.71829517558
351199,3028361.4756867886
351200,52779.61058615148
351201,973736.2385430336
351202,804544.0429874659
351203,801354.7004547715
351204,1583135.1532797813
351205,160341.84531225264
351206,140297.4686050606
351207,2699.787931669038
351208,12691.474535140675
351209,1632.7098688010592
351210,14511.613990005106
351211,88512.89627736807
351212,4060.7567113623954
351213,66051.97259140015
351214,524277.50255456567
351215,130690.02128075063
351216,709708.583837729
351217,333591.92517413944
351218,122901.61368113197
351219,76296.38878321648
351220,501.0128530450165
351221,22486.76302967593
351222,318043.01326620206
351223,819373.9067855701
351224,378424.7896874398
351225,21925.318527588854
351226,31535.247879561037
351227,105212.66575815529
351228,25097.57297862321
351229,156011.55782751366
351230,2646.4987381207757
351231,104384.5940073803
351232,13172.31122991303
351233,1500.4091895331221
351234,1020.6192590133287
351235,183495.89393034205
351236,1005837.6562834978
351237,113642.50103869289
351238,2688.0538826570846
351239,11019.501190513372
351240,273.26820693857735
351241,10790.002025984228
351242,206403.4324009195
351243,143074.1044989042
351244,356805.45049544424
351245,469513.3459048271
351246,18600.131101325154
351247,11963.015170637518
351248,25404.95988483727
351249,86.16836856864393
351250,369.84099315851927
351251,82141.63931795955
351252,24344.021960724145
351253,739599.7149516344
351254,32298.278126224875
351255,1527743.416238308
351256,611.4134778434527
351257,2249.285944578238
351258,1720.6296456470154
351259,102056.45391263813
351260,11165.697098509932
351261,1733.455025292933
351262,4561.679744652472
351263,2166.0529134674
351264,1512.8217388223857
351265,3480.9833353129216
351266,5885.669143839739
351267,976533.8825913668
351268,526663.0942183137
351269,27806.828688086942
351270,475262.3352393806
351271,22397.5320533067
351272,23509.906495131552
351273,5336.262380298227
351274,39164.54539753776
351275,62393.62441860512
351276,110674.39698841795
351277,255018.11988303065
351278,96612.79419168085
351279,5405.448611672968
351280,370658.52481111884
351281,18201.31287865911
351282,30280.22599807661
351283,1501.6969005828723
351284,860.4762242626166
351285,23367.981668397784
351286,650.2177216655691
351287,201.04192020141636
351288,136747.46118121594
351289,777699.1850115061
351290,352058.71341726184
351291,727823.8021693826
351292,29018.15594271943
351293,4771.528557997197
351294,35930.008621774614
351295,665106.07281972
351296,162944.98822266283
351297,257812.29009744525
351298,652540.7400433123
351299,974.1805986996042
351300,331.9931901344098
351301,391.0707118061837
351302,402.123263696325
351303,8278.296167526394
351304,41184.437183097005
351305,23255.079329818487
351306,20485.43041579798
351307,587.0489014486084
351308,6675.312464856805
351309,270644.0187353641
351310,60151.2090831399
351311,2649.463120360393
351312,2131.5191213820362
351313,25057.05790137127
351314,394038.7487503886
351315,38420.91414298955
351316,144900.2854219675
351317,96037.40394882858
351318,116486.59372998774
351319,120074.01589681208
351320,18119.605316756293
351321,7123.540341397747
351322,410773.521078825
351323,157187.97387847304
351324,602260.1459411243
351325,630596.6937900782
351326,2508.3667808552273
351327,166289.0971327573
351328,109947.7289148122
351329,1529.1974051213474
351330,31253.74736843258
351331,10801.279417059151
351332,209193.30918309093
351333,11104.571423711255
351334,116769.55286738276
351335,79423.42663118243
351336,556404.3255877197
351337,222630.84604233503
351338,22416.43572887592
351339,26378.110837705433
351340,12290.454767057672
351341,4386.9627791419625
351342,59137.111310601234
351343,5851.299866016023
351344,4314.781858636998
351345,15489.858122967184
351346,7558.984614511952
351347,19542.208000563085
351348,11701.811119521037
351349,102138.41780038923
351350,337525.8557006717
351351,1488188.525740534
351352,97403.52094770968
351353,37586.63301564535
351354,32813.92821922526
351355,25143.302038241178
351356,56527.87066322565
351357,559.2407315171076
351358,806.0028416459973
351359,3764666.2770204544
351360,501680.31135621667
351361,10795.274869911373
351362,1417697.7775382996
351363,34935.30345471203
351364,69101.82030957937
351365,19568.966130273417
351366,1090.8148341849446
351367,37579.15562830679
351368,2404.165836193133
351369,1138.049518365413
351370,16652.969763450325
351371,180825.93029403687
351372,16700.385623253882
351373,165367.26767218113
351374,13321.633892148733
351375,991.365715533495
351376,222034.83204653888
351377,27632.321563377976
351378,362107.9141319096
351379,167898.95588709787
351380,152887.1294645965
351381,135295.3525148034
351382,2158.1607890410814
351383,19181.660909622908
351384,14488.939734669751
351385,84759.82088837028
351386,9266.793362842873
351387,71612.1968373768
351388,90810.85755002499
351389,162986.52149653435
351390,135236.09764057398
351391,25250.080151308328
351392,791.4510281319381
351393,81515.29769725353
351394,37533.06663789973
351395,7493.108682928607
351396,149637.3597986102
351397,159520.37549445033
351398,224479.5628466606
351399,13446.812357351184
351400,187.0199247136502
351401,3057.414660481736
351402,4949.012842446566
351403,15109.544589987025
351404,36419.93343704939
351405,1502.2806687415577
351406,9065.601456439472
351407,18407.118391720578
351408,9561.350479543209
351409,7729.917340487242
351410,89954.51752872765
351411,296522.6572756757
351412,39470.32761268271
351413,1445818.1739873886
351414,423918.4543555379
351415,31917.105381168425
351416,206940.36528896168
351417,1103.834639302455
351418,165442.7752421312
351419,3127971.2228810787
351420,50635.63090698421
351421,985079.6175713539
351422,823939.3422140181
351423,810992.594797492
351424,1633613.3683896065
351425,162672.84010855854
351426,142816.1871117819
351427,2872.8714533858
351428,13258.267137536546
351429,1692.262094134232
351430,15102.288407860324
351431,90696.76411028206
351432,4175.283431160264
351433,63165.51409436762
351434,541496.3119904697
351435,132200.97364871204
351436,717196.6260215864
351437,337133.97990908474
351438,125163.05513978936
351439,77407.24182030186
351440,758.5663323048502
351441,22607.661503702402
351442,318171.7634336725
351443,825503.8703845069
351444,381428.58863313124
351445,22249.757155620493
351446,31930.49449536018
351447,107498.29689946026
351448,25703.56661504507
351449,158647.18254454248
351450,3036.8894016500562
351451,104824.54835418612
351452,13326.624507672968
351453,1550.3851683819958
351454,1043.5567452644464
351455,185391.23351740837
351456,1026364.6702355146
351457,117542.95693061501
351458,2710.9140016753227
351459,12187.878641948104
351460,284.5439478699118
351461,11164.666475629434
351462,209804.21552732587
351463,144300.56017016433
351464,359195.11645774543
351465,469777.3433652669
351466,19096.644231393933
351467,12413.850785292685
351468,28363.286974601448
351469,671.2642879895866
351470,1091.6534411869943
351471,85066.62637219205
351472,25440.71589815989
351473,781029.7298241854
351474,33445.68525406718
351475,1556469.3853527308
351476,614.3019326697104
351477,2352.119776148582
351478,1785.262424891116
351479,103445.64949308336
351480,11422.974353252386
351481,1777.6751022532117
351482,4678.987043126486
351483,2175.0486488698516
351484,1518.9749112121062
351485,3488.4913713429123
351486,5966.288927323185
351487,984625.1578260064
351488,532269.0677835494
351489,27750.83085808158
351490,493184.6892735064
351491,21622.514489859343
351492,23361.76461713016
351493,5755.6354271080345
351494,41672.45274506183
351495,62589.05403173901
351496,114975.62096367963
351497,258384.0735552609
351498,97567.20242936164
351499,5651.596510808915
351500,374005.33570475876
351501,18222.843006663374
351502,30498.264584039338
351503,1550.5838644241448
351504,880.3680222547846
351505,23545.36447206512
351506,653.7186919199594
351507,198.1343259519781
351508,139276.63133606315
351509,786527.2407436967
351510,356799.81178319454
351511,739462.2640140057
351512,29762.574030790478
351513,5040.940061500296
351514,36563.022604966536
351515,664711.331755071
351516,162495.82467497466
351517,258724.99823394418
351518,649818.9889008999
351519,992.9995021299692
351520,362.49042659276165
351521,435.24448374158237
351522,444.6024840764003
351523,8514.515271062963
351524,44447.784850016236
351525,24291.458205316216
351526,22221.21203910932
351527,618.342112146318
351528,6685.131468871667
